#Contact: Vandad Fallah Ramazani (vafara@utu.fi)
#Source: 1ES_1426+428
#RA: 14:28:32.6 (J2000)
#Dec: +42:40:21 (J2000)
#nH: 0.0113e22 (cm**-2)
#F1: 2-10 keV (cgs)
#F2: 0.3-10 keV (cgs)
#Gamma: equivalant photon index when logparabola is the best-fit model
DATE-TIME          MJD         EXP     APE.  G_PSF  F1         F1_ERR     F2         F2_ERR     Alpha   Alpha_ERR  Beta    Beta_ERR   R.CHI2  DOF  OID         ftest   Gamma      Gamma_err 
2008-05-28T14:47:10 54614.61685 2382.4  25    g4     3.0207e-11 1.9585e-12 5.3921e-11 2.1722e-12 1.80431 4.5097e-02 0.00000 0.0000e+00 1.38526 49   00030375015 0.02657 1.80431 4.5097e-02
2008-05-29T01:43:21 54615.07253 1670.7  25    g4     2.6925e-11 1.9477e-12 5.1487e-11 2.3997e-12 1.89228 5.1229e-02 0.00000 0.0000e+00 1.44517 36   00030375016 0.04327 1.89228 5.1229e-02
2008-05-29T19:44:15 54615.82316 1450.9  25    g4     3.5811e-11 2.6007e-12 6.3421e-11 3.3778e-12 1.79369 5.3597e-02 0.00000 0.0000e+00 1.14985 35   00030375017 0.80390 1.79369 5.3597e-02
2008-05-30T00:13:23 54616.01005 1942.9  26    g0     4.1467e-11 3.1373e-12 7.7123e-11 3.3985e-12 1.85767 5.0394e-02 0.00000 0.0000e+00 0.87290 41   00030375018 0.10086 1.85767 5.0394e-02
2008-05-30T19:50:37 54616.82758 3815.9  25    g0     4.3417e-11 2.2795e-12 7.6636e-11 2.3444e-12 1.78921 3.2347e-02 0.00000 0.0000e+00 1.07518 86   00030375019 0.00701 1.78921 3.2347e-02
2008-05-31T19:57:15 54617.83218 2237.6  25    g4     3.4491e-11 2.1066e-12 6.2727e-11 2.2064e-12 1.82889 4.2361e-02 0.00000 0.0000e+00 1.03533 54   00030375020 0.02535 1.82889 4.2361e-02
2008-06-01T00:27:07 54618.01959 2020.3  26    g0     4.6751e-11 3.3119e-12 8.1524e-11 3.5373e-12 1.77259 4.6527e-02 0.00000 0.0000e+00 1.27673 43   00030375021 0.00923 1.77259 4.6527e-02
2008-06-01T21:43:00 54618.90562 1730.6  26    g4     3.6722e-11 2.8673e-12 6.7210e-11 3.1390e-12 1.83711 5.3526e-02 0.00000 0.0000e+00 0.99736 36   00030375022 0.30571 1.83711 5.3526e-02
2008-06-02T20:09:01 54619.84035 1431.0  26    g4     3.1118e-11 2.7246e-12 6.0175e-11 3.3111e-12 1.90590 5.9136e-02 0.00000 0.0000e+00 1.40026 29   00030375023 0.34710 1.90590 5.9136e-02
2008-06-03T01:09:50 54620.04926 1353.5  25    g12    2.9643e-11 2.6325e-12 6.0132e-11 2.5569e-12 1.96234 5.5833e-02 0.00000 0.0000e+00 0.98570 32   00030375024 0.06953 1.96234 5.5833e-02
2008-06-03T21:55:13 54620.91411 1715.6  25    g0     2.7966e-11 3.4203e-12 5.8038e-11 3.4356e-12 1.72103 6.4409e-02 0.49067 1.6882e-01 0.91722 39   00030375025 0.00241 2.27794 1.8069e-01
2008-06-04T01:15:52 54621.05345 1001.4  25    g4     2.5913e-11 2.6727e-12 5.2368e-11 3.2000e-12 1.95799 6.8245e-02 0.00000 0.0000e+00 1.49197 23   00030375026 0.80938 1.95799 6.8245e-02
2008-06-04T20:20:10 54621.84810 3199.0  25    g0     3.5783e-11 1.9115e-12 6.7617e-11 2.3659e-12 1.87758 3.7258e-02 0.00000 0.0000e+00 0.78575 68   00030375027 0.08441 1.87758 3.7258e-02
2008-06-06T20:33:25 54623.85730 3436.3  25    g4     2.1040e-11 1.2504e-12 4.6652e-11 1.3940e-12 2.06035 3.7368e-02 0.00000 0.0000e+00 1.25253 68   00030375028 0.13246 2.06035 3.7368e-02
2008-06-07T20:53:57 54624.87155 939.0   24    g4     1.9499e-11 2.0337e-12 4.1300e-11 2.5829e-12 2.01091 6.9782e-02 0.00000 0.0000e+00 1.81243 21   00030375029 0.01676 2.01091 6.9782e-02
2008-06-08T22:36:20 54625.94266 759.2   24    g4     1.7588e-11 2.1787e-12 3.7672e-11 2.5986e-12 2.02321 8.4879e-02 0.00000 0.0000e+00 1.52057 15   00030375030 0.04840 2.02321 8.4879e-02
2008-06-09T21:06:03 54626.87996 1068.8  24    g12    1.0338e-11 1.8520e-12 3.3373e-11 2.0126e-12 2.06364 7.9376e-02 0.76997 2.4766e-01 0.46034 23   00030375031 0.00004 2.93755 2.6007e-01
2008-06-10T00:05:38 54627.00467 3513.7  24    g0     1.9360e-11 1.3260e-12 4.4668e-11 1.2414e-12 2.10166 3.9299e-02 0.00000 0.0000e+00 1.04209 66   00030375032 0.70557 2.10166 3.9299e-02
2009-03-12T21:48:47 54902.90965 1201.2  24    g12    2.9751e-11 2.9169e-12 5.6809e-11 2.7958e-12 1.89051 5.9803e-02 0.00000 0.0000e+00 0.93858 28   00030375034 0.24631 1.89051 5.9803e-02
2009-03-19T01:39:08 54909.06961 1261.1  25    g0     3.8107e-11 3.8594e-12 6.7026e-11 3.6830e-12 1.78441 6.0878e-02 0.00000 0.0000e+00 1.03053 26   00030375035 0.20873 1.78441 6.0878e-02
2009-03-26T11:39:03 54916.48623 1233.7  26    g0     4.7184e-11 4.1080e-12 8.6909e-11 4.1148e-12 1.84532 5.8995e-02 0.00000 0.0000e+00 0.96423 31   00030375036 0.28006 1.84532 5.8995e-02
2009-04-02T05:48:17 54923.24264 1076.3  24    g12    3.1405e-11 3.1010e-12 5.8425e-11 3.7418e-12 1.85804 6.2502e-02 0.00000 0.0000e+00 0.99349 26   00030375037 0.07489 1.85804 6.2502e-02
2009-04-09T02:01:46 54930.08533 484.5   26    g12    3.9322e-11 5.9162e-12 6.7669e-11 6.6512e-12 1.75418 1.0209e-01 0.00000 0.0000e+00 1.20835 10   00030375038 0.86355 1.75418 1.0209e-01
2009-04-18T20:21:46 54939.84922 826.6   26    g0     4.5311e-11 5.8698e-12 8.1281e-11 5.6942e-12 1.81084 8.0916e-02 0.00000 0.0000e+00 0.48138 17   00030375039 0.63736 1.81084 8.0916e-02
2009-05-07T21:53:24 54958.91285 1148.8  26    g4     3.1418e-11 3.3512e-12 6.4099e-11 3.3712e-12 1.96889 6.5907e-02 0.00000 0.0000e+00 0.76433 26   00030375040 0.98805 1.96889 6.5907e-02
2009-05-14T13:07:24 54965.54758 1331.1  26    g4     3.7074e-11 3.4584e-12 6.9138e-11 3.5353e-12 1.86107 6.2689e-02 0.00000 0.0000e+00 1.04455 30   00030375041 0.25892 1.86107 6.2689e-02
2009-05-21T13:45:22 54972.57395 1091.3  27    g12    4.1070e-11 4.6328e-12 7.6050e-11 4.6298e-12 1.85209 6.9831e-02 0.00000 0.0000e+00 0.84710 23   00030375042 0.91076 1.85209 6.9831e-02
2009-05-28T04:52:16 54979.20374 1066.4  27    g4     4.7356e-11 4.5154e-12 8.1941e-11 5.4772e-12 1.76186 6.5274e-02 0.00000 0.0000e+00 1.07317 23   00030375043 0.10794 1.76186 6.5274e-02
2009-06-04T15:29:03 54986.64594 921.5   26    g0     6.6480e-11 6.7888e-12 1.0556e-10 6.6381e-12 1.63389 6.9866e-02 0.00000 0.0000e+00 1.00088 21   00030375044 0.30367 1.63389 6.9866e-02
2009-06-13T03:09:22 54995.13227 1088.8  28    g0     8.4394e-11 8.3155e-12 1.3995e-10 9.0928e-12 1.70067 6.7770e-02 0.00000 0.0000e+00 1.24124 26   00030375045 0.54863 1.70067 6.7770e-02
2009-06-18T06:45:16 55000.28221 1093.8  26    g0     6.9217e-11 6.2448e-12 1.1200e-10 6.3601e-12 1.66350 6.3365e-02 0.00000 0.0000e+00 0.98180 27   00030375046 0.65638 1.66350 6.3365e-02
2009-06-25T00:53:02 55007.03760 806.6   26    g12    3.3391e-11 4.2481e-12 6.6820e-11 4.4771e-12 1.94657 7.8596e-02 0.00000 0.0000e+00 0.80616 18   00030375047 0.29759 1.94657 7.8596e-02
2010-03-01T03:54:26 55256.16357 968.3   25    g4     3.5811e-11 3.7924e-12 6.2078e-11 4.0148e-12 1.76439 6.6472e-02 0.00000 0.0000e+00 1.06673 23   00030375048 0.77034 1.76439 6.6472e-02
2010-03-08T01:17:25 55263.05452 910.7   24    g12    3.8475e-11 3.8710e-12 6.0794e-11 3.9823e-12 1.62602 7.0775e-02 0.00000 0.0000e+00 0.81226 20   00030375049 0.19181 1.62602 7.0775e-02
2010-03-15T06:33:31 55270.27404 1141.6  24    g0     4.4855e-11 4.5393e-12 7.1923e-11 4.3184e-12 1.64938 6.1752e-02 0.00000 0.0000e+00 0.71220 28   00030375050 0.76060 1.64938 6.1752e-02
2012-05-13T01:04:02 56060.04523 292.2   26    g0     5.0397e-11 8.8935e-12 9.0281e-11 1.0115e-11 1.80901 1.2371e-01 0.00000 0.0000e+00 0.95818 6    00030375090 0.96370 1.80901 1.2371e-01
2016-03-18T11:45:13 57465.49053 514.4   26    g0     4.9635e-11 9.0551e-12 8.0652e-11 9.2584e-12 1.67001 1.1873e-01 0.00000 0.0000e+00 1.74820 9    00030375143 0.99719 1.67001 1.1873e-01
2016-03-25T07:50:22 57472.32744 846.6   24    g4     2.3781e-11 2.5359e-12 4.3440e-11 2.6260e-12 1.83459 6.9719e-02 0.00000 0.0000e+00 1.26333 19   00030375145 0.05190 1.83459 6.9719e-02
2016-04-12T08:28:01 57490.35359 636.8   25    g12    2.9512e-11 4.4104e-12 5.3357e-11 3.8415e-12 1.82119 8.8407e-02 0.00000 0.0000e+00 1.60064 13   00030375150 0.13506 1.82119 8.8407e-02
2016-04-19T01:34:09 57497.06618 981.4   24    g12    2.5061e-11 2.1524e-12 5.0717e-11 2.4883e-12 1.95959 6.0601e-02 0.00000 0.0000e+00 0.96293 25   00030375151 0.06124 1.95959 6.0601e-02
2016-05-03T14:41:08 57511.61269 696.7   25    g0     3.9242e-11 6.8850e-12 6.8159e-11 7.5468e-12 1.76712 1.0115e-01 0.00000 0.0000e+00 0.75292 13   00030375153 0.60135 1.76712 1.0115e-01
2016-05-08T06:20:58 57516.26536 936.5   23    g4     1.8242e-11 2.2142e-12 3.5835e-11 2.1808e-12 1.92474 7.3297e-02 0.00000 0.0000e+00 1.08865 21   00030375154 0.15958 1.92474 7.3297e-02
2016-05-15T15:11:16 57523.63362 921.5   25    g0     4.2282e-11 5.1387e-12 7.3686e-11 4.9848e-12 1.77174 7.5085e-02 0.00000 0.0000e+00 0.68450 19   00030375155 0.18101 1.77174 7.5085e-02
2016-05-22T09:52:53 57530.41252 1046.4  22    g12    1.8956e-11 1.9070e-12 3.4502e-11 2.0307e-12 1.82991 6.7774e-02 0.00000 0.0000e+00 0.91619 24   00030375156 0.51316 1.82991 6.7774e-02
2017-01-28T12:34:22 57781.52468 911.5   23    g4     1.8522e-11 1.8352e-12 3.5067e-11 1.8620e-12 1.87996 7.0385e-02 0.00000 0.0000e+00 1.04039 21   00030375167 0.53831 1.87996 7.0385e-02
2017-02-06T11:57:47 57790.49927 641.8   24    g0     2.9037e-11 4.0634e-12 5.1436e-11 4.8890e-12 1.79401 1.0270e-01 0.00000 0.0000e+00 1.16720 12   00030375168 0.29153 1.79401 1.0270e-01
