25.887114 -56.098318 -30.211204 4.338901 -29.518485
25.962114 -56.042037 -30.079922 4.413901 -29.537203
26.112114 -55.476521 -29.364407 4.563901 -29.121688
26.137114 -55.807186 -29.670071 4.588901 -29.477352
26.162114 -55.807186 -29.645071 4.613901 -29.502352
26.212114 -55.630827 -29.418713 4.663901 -29.375993
26.262114 -55.866511 -29.604397 4.713901 -29.661677
26.287114 -55.527015 -29.239901 4.738901 -29.347181
26.312114 -55.829521 -29.517406 4.763901 -29.674687
26.337114 -55.690381 -29.353266 4.788901 -29.560547
26.362114 -56.069830 -29.707715 4.813901 -29.964996
26.387114 -55.681544 -29.294429 4.838901 -29.601710
26.412114 -55.595395 -29.183281 4.863901 -29.540561
26.437114 -55.717721 -29.280607 4.888901 -29.687887
26.462114 -55.314681 -28.852567 4.913901 -29.309848
26.487114 -54.921781 -28.434667 4.938901 -28.941948
26.512114 -55.321015 -28.808901 4.963901 -29.366181
26.537114 -55.039733 -28.502619 4.988901 -29.109899
26.562114 -54.669246 -28.107131 5.013901 -28.764412
26.587114 -54.898643 -28.311529 5.038901 -29.018810
26.612114 -54.967621 -28.355506 5.063901 -29.112787
26.637114 -55.107924 -28.470810 5.088901 -29.278091
26.662114 -54.723524 -28.061410 5.113901 -28.918691
26.687114 -54.823162 -28.136047 5.138901 -29.043328
26.712114 -54.720379 -28.008265 5.163901 -28.965546
26.737114 -54.657012 -27.919898 5.188901 -28.927179
26.762114 -54.574707 -27.812593 5.213901 -28.869874
26.787114 -54.942923 -28.155809 5.238901 -29.263090
26.812114 -55.004147 -28.192033 5.263901 -29.349313
26.837114 -54.508110 -27.670996 5.288901 -28.878276
26.862114 -54.763766 -27.901652 5.313901 -29.158933
26.887114 -54.506587 -27.619473 5.338901 -28.926753
26.912114 -54.807482 -27.895368 5.363901 -29.252649
26.937114 -54.516397 -27.579283 5.388901 -28.986563
26.962114 -54.405188 -27.443074 5.413901 -28.900354
26.987114 -54.354905 -27.367791 5.438901 -28.875072
27.012114 -54.192122 -27.180008 5.463901 -28.737289
27.037114 -54.093025 -27.055910 5.488901 -28.663191
27.062114 -54.168083 -27.105969 5.513901 -28.763250
27.087114 -54.236784 -27.149670 5.538901 -28.856950
27.112114 -54.070703 -26.958589 5.563901 -28.715870
27.137114 -54.222166 -27.085051 5.588901 -28.892332
27.162114 -54.161812 -26.999698 5.613901 -28.856978
27.187114 -54.223162 -27.036048 5.638901 -28.943329
27.212114 -54.237628 -27.025514 5.663901 -28.982795
27.237114 -54.178880 -26.941766 5.688901 -28.949047
27.262114 -54.008190 -26.746075 5.713901 -28.803356
27.287114 -54.138285 -26.851171 5.738901 -28.958452
27.312114 -54.060130 -26.748015 5.763901 -28.905296
27.337114 -53.848923 -26.511809 5.788901 -28.719090
27.362114 -53.923491 -26.561376 5.813901 -28.818657
27.387114 -54.067912 -26.680798 5.838901 -28.988078
27.412114 -53.748650 -26.336536 5.863901 -28.693817
27.437114 -53.789641 -26.352527 5.888901 -28.759807
27.462114 -53.758683 -26.296569 5.913901 -28.753849
27.487114 -53.696000 -26.208886 5.938901 -28.716167
27.512114 -53.588023 -26.075909 5.963901 -28.633189
27.537114 -53.691011 -26.153897 5.988901 -28.761177
27.562114 -53.621933 -26.059819 6.013901 -28.717099
27.587114 -53.589464 -26.002350 6.038901 -28.709630
27.612114 -53.569057 -25.956943 6.063901 -28.714224
27.637114 -53.555406 -25.918292 6.088901 -28.725572
27.662114 -53.532021 -25.869907 6.113901 -28.727187
27.687114 -53.455149 -25.768035 6.138901 -28.675315
27.712114 -53.540008 -25.827893 6.163901 -28.785174
27.737114 -53.417704 -25.680590 6.188901 -28.687870
27.762114 -53.553080 -25.790966 6.213901 -28.848247
27.787114 -53.378918 -25.591803 6.238901 -28.699084
27.812114 -53.541084 -25.728969 6.263901 -28.886250
27.837114 -53.381716 -25.544602 6.288901 -28.751882
27.862114 -53.336580 -25.474466 6.313901 -28.731747
27.887114 -53.407293 -25.520179 6.338901 -28.827460
27.912114 -53.171737 -25.259623 6.363901 -28.616903
27.937114 -53.313040 -25.375926 6.388901 -28.783207
27.962114 -53.330104 -25.367989 6.413901 -28.825270
27.987114 -53.166964 -25.179850 6.438901 -28.687131
28.012114 -53.158340 -25.146226 6.463901 -28.703506
28.037114 -53.179265 -25.142151 6.488901 -28.749431
28.062114 -53.216153 -25.154039 6.513901 -28.811320
28.087114 -53.108840 -25.021726 6.538901 -28.729007
28.112114 -53.078766 -24.966651 6.563901 -28.723932
28.137114 -53.071902 -24.934787 6.588901 -28.742068
28.162114 -53.116427 -24.954313 6.613901 -28.811593
28.187114 -53.063658 -24.876544 6.638901 -28.783825
28.212114 -53.100696 -24.888582 6.663901 -28.845863
28.237114 -52.887392 -24.650278 6.688901 -28.657559
28.262114 -52.901615 -24.639501 6.713901 -28.696782
28.287114 -53.015504 -24.728390 6.738901 -28.835670
28.312114 -52.950625 -24.638511 6.763901 -28.795791
28.337114 -52.843363 -24.506249 6.788901 -28.713530
28.362114 -52.882727 -24.520613 6.813901 -28.777893
28.387114 -52.850864 -24.463750 6.838901 -28.771031
28.412114 -52.886583 -24.474468 6.863901 -28.831749
28.437114 -52.730062 -24.292948 6.888901 -28.700228
28.462114 -52.850574 -24.388460 6.913901 -28.845741
28.487114 -52.734835 -24.247721 6.938901 -28.755002
28.512114 -52.767265 -24.255151 6.963901 -28.812431
28.537114 -52.754393 -24.217279 6.988901 -28.824560
28.562114 -52.705123 -24.143009 7.013901 -28.800289
28.587114 -52.709303 -24.122188 7.038901 -28.829469
28.612114 -52.645533 -24.033419 7.063901 -28.790700
28.637114 -52.738559 -24.101445 7.088901 -28.908726
28.662114 -52.672950 -24.010836 7.113901 -28.868116
28.687114 -52.609123 -23.922009 7.138901 -28.829290
28.712114 -52.506528 -23.794414 7.163901 -28.751694
28.737114 -52.568578 -23.831463 7.188901 -28.838744
28.762114 -52.577812 -23.815697 7.213901 -28.872978
28.787114 -52.484594 -23.697480 7.238901 -28.804761
28.812114 -52.413831 -23.601717 7.263901 -28.758998
28.837114 -52.537287 -23.700173 7.288901 -28.907454
28.862114 -52.507371 -23.645257 7.313901 -28.902538
28.887114 -52.470713 -23.583599 7.338901 -28.890880
28.912114 -52.433175 -23.521061 7.363901 -28.878342
28.937114 -52.410919 -23.473804 7.388901 -28.881085
28.962114 -52.350671 -23.388557 7.413901 -28.845838
28.987114 -52.416308 -23.429194 7.438901 -28.936475
29.012114 -52.326911 -23.314797 7.463901 -28.872078
29.037114 -52.402526 -23.365411 7.488901 -28.972692
29.062114 -52.413628 -23.351514 7.513901 -29.008795
29.087114 -52.289277 -23.202163 7.538901 -28.909444
29.112114 -52.331429 -23.219314 7.563901 -28.976595
29.137114 -52.320846 -23.183732 7.588901 -28.991013
29.162114 -52.385159 -23.223045 7.613901 -29.080325
29.187114 -52.236314 -23.049199 7.638901 -28.956480
29.212114 -52.317954 -23.105839 7.663901 -29.063120
29.237114 -52.241945 -23.004831 7.688901 -29.012111
29.262114 -52.241914 -22.979800 7.713901 -29.037081
29.287114 -52.279750 -22.992636 7.738901 -29.099917
29.312114 -52.201903 -22.889789 7.763901 -29.047070
29.337114 -52.164279 -22.827165 7.788901 -29.034446
29.362114 -52.160264 -22.798149 7.813901 -29.055430
29.387114 -52.214530 -22.827416 7.838901 -29.134697
29.412114 -52.174197 -22.762083 7.863901 -29.119363
29.437114 -52.074501 -22.637387 7.888901 -29.044668
29.462114 -52.120465 -22.658350 7.913901 -29.115631
29.487114 -52.124922 -22.637807 7.938901 -29.145088
29.512114 -52.121633 -22.609518 7.963901 -29.166799
29.537114 -52.015907 -22.478793 7.988901 -29.086073
29.562114 -52.116471 -22.554357 8.013901 -29.211638
29.587114 -52.031685 -22.444571 8.038901 -29.151852
29.612114 -52.056043 -22.443929 8.063901 -29.201210
29.637114 -51.966445 -22.329330 8.088901 -29.136611
29.662114 -51.945114 -22.283000 8.113901 -29.140281
29.687114 -51.960943 -22.273828 8.138901 -29.181109
29.712114 -51.895376 -22.183262 8.163901 -29.140542
29.737114 -51.924812 -22.187697 8.188901 -29.194978
29.762114 -51.936663 -22.174548 8.213901 -29.231829
29.787114 -51.928200 -22.141086 8.238901 -29.248366
29.812114 -51.923838 -22.111723 8.263901 -29.269004
29.837114 -51.865101 -22.027987 8.288901 -29.235268
29.862114 -51.870648 -22.008534 8.313901 -29.265814
29.887114 -51.818032 -21.930918 8.338901 -29.238199
29.912114 -51.845173 -21.933059 8.363901 -29.290340
29.937114 -51.795017 -21.857903 8.388901 -29.265184
29.962114 -51.783829 -21.821715 8.413901 -29.278995
29.987114 -51.786365 -21.799251 8.438901 -29.306532
30.012114 -51.822606 -21.810492 8.463901 -29.367772
30.037114 -51.849951 -21.812837 8.488901 -29.420117
30.062114 -51.747137 -21.685022 8.513901 -29.342303
30.087114 -51.808859 -21.721745 8.538901 -29.429026
30.112114 -51.695983 -21.583869 8.563901 -29.341150
30.137114 -51.741583 -21.604469 8.588901 -29.411750
30.162114 -51.767242 -21.605128 8.613901 -29.462409
30.187114 -51.720149 -21.533035 8.638901 -29.440315
30.212114 -51.643202 -21.431088 8.663901 -29.388368
30.237114 -51.640050 -21.402936 8.688901 -29.410217
30.262114 -51.649352 -21.387238 8.713901 -29.444518
30.287114 -51.580552 -21.293437 8.738901 -29.400718
30.312114 -51.672819 -21.360705 8.763901 -29.517986
30.337114 -51.610516 -21.273402 8.788901 -29.480683
30.362114 -51.627740 -21.265626 8.813901 -29.522906
30.387114 -51.607175 -21.220061 8.838901 -29.527342
30.412114 -51.674481 -21.262367 8.863901 -29.619647
30.437114 -51.549698 -21.112584 8.888901 -29.519865
30.462114 -51.491256 -21.029142 8.913901 -29.486422
30.487114 -51.601519 -21.114405 8.938901 -29.621685
30.512114 -51.505568 -20.993454 8.963901 -29.550734
30.537114 -51.517768 -20.980654 8.988901 -29.587935
30.562114 -51.481539 -20.919425 9.013901 -29.576705
30.587114 -51.493955 -20.906841 9.038901 -29.614121
30.612114 -51.509436 -20.897321 9.063901 -29.654602
30.637114 -51.484253 -20.847139 9.088901 -29.654420
30.662114 -51.416580 -20.754466 9.113901 -29.611747
30.687114 -51.409743 -20.722628 9.138901 -29.629909
30.712114 -51.439158 -20.727044 9.163901 -29.684325
30.737114 -51.449068 -20.711954 9.188901 -29.719235
30.762114 -51.439210 -20.677096 9.213901 -29.734376
30.787114 -51.437081 -20.649966 9.238901 -29.757247
30.812114 -51.374150 -20.562036 9.263901 -29.719317
30.837114 -51.367479 -20.530365 9.288901 -29.737645
30.862114 -51.358440 -20.496326 9.313901 -29.753606
30.887114 -51.382827 -20.495713 9.338901 -29.802993
30.912114 -51.348404 -20.436290 9.363901 -29.793570
30.937114 -51.289771 -20.352657 9.388901 -29.759938
30.962114 -51.361428 -20.399314 9.413901 -29.856594
30.987114 -51.385709 -20.398595 9.438901 -29.905876
31.012114 -51.363811 -20.351697 9.463901 -29.908977
31.037114 -51.319008 -20.281894 9.488901 -29.889174
31.062114 -51.247504 -20.185390 9.513901 -29.842671
31.087114 -51.291577 -20.204462 9.538901 -29.911743
31.112114 -51.187889 -20.075775 9.563901 -29.833055
31.137114 -51.246809 -20.109695 9.588901 -29.916975
31.162114 -51.247586 -20.085472 9.613901 -29.942753
31.187114 -51.215954 -20.028840 9.638901 -29.936120
31.212114 -51.250627 -20.038513 9.663901 -29.995794
31.237114 -51.242683 -20.005568 9.688901 -30.012849
31.262114 -51.154181 -19.892067 9.713901 -29.949347
31.287114 -51.165091 -19.877977 9.738901 -29.985258
31.312114 -51.147157 -19.835043 9.763901 -29.992323
31.337114 -51.128743 -19.791628 9.788901 -29.998909
31.362114 -51.157980 -19.795866 9.813901 -30.053146
31.387114 -51.095862 -19.708748 9.838901 -30.016029
31.412114 -51.120289 -19.708175 9.863901 -30.065455
31.437114 -51.191220 -19.754106 9.888901 -30.161386
31.462114 -51.119788 -19.657674 9.913901 -30.114954
31.487114 -51.070812 -19.583698 9.938901 -30.090979
31.512114 -51.100354 -19.588240 9.963901 -30.145521
31.537114 -51.068624 -19.531509 9.988901 -30.138790
31.562114 -51.089610 -19.527496 10.013901 -30.184777
31.587114 -51.087092 -19.499978 10.038901 -30.207258
31.612114 -51.008900 -19.396786 10.063901 -30.154067
31.637114 -51.066389 -19.429275 10.088901 -30.236556
31.662114 -51.078378 -19.416264 10.113901 -30.273544
31.687114 -51.055254 -19.368140 10.138901 -30.275421
31.712114 -51.048490 -19.336376 10.163901 -30.293656
31.737114 -50.985974 -19.248860 10.188901 -30.256141
31.762114 -50.992333 -19.230219 10.213901 -30.287500
31.787114 -50.974250 -19.187136 10.238901 -30.294416
31.812114 -50.957928 -19.145814 10.263901 -30.303095
31.837114 -50.941148 -19.104034 10.288901 -30.311314
31.862114 -50.912500 -19.050385 10.313901 -30.307666
31.887114 -50.939973 -19.052859 10.338901 -30.360140
31.912114 -50.907349 -18.995235 10.363901 -30.352515
31.937114 -50.961130 -19.024016 10.388901 -30.431297
31.962114 -50.980164 -19.018050 10.413901 -30.475331
31.987114 -50.910547 -18.923433 10.438901 -30.430714
32.012114 -50.901177 -18.889063 10.463901 -30.446343
32.037114 -50.957753 -18.920639 10.488901 -30.527920
32.062114 -50.915022 -18.852908 10.513901 -30.510188
32.087114 -50.851682 -18.764568 10.538901 -30.471849
32.112114 -50.914647 -18.802532 10.563901 -30.559813
32.137114 -50.830682 -18.693568 10.588901 -30.500849
32.162114 -50.873306 -18.711191 10.613901 -30.568472
32.187114 -50.847423 -18.660309 10.638901 -30.567590
32.212114 -50.821769 -18.609655 10.663901 -30.566936
32.237114 -50.857920 -18.620806 10.688901 -30.628087
32.262114 -50.886877 -18.624763 10.713901 -30.682044
32.287114 -50.860507 -18.573393 10.738901 -30.680673
32.312114 -50.845638 -18.533524 10.763901 -30.690805
32.337114 -50.788327 -18.451213 10.788901 -30.658494
32.362114 -50.769130 -18.407016 10.813901 -30.664297
32.387114 -50.863401 -18.476286 10.838901 -30.783567
32.412114 -50.786956 -18.374841 10.863901 -30.732122
32.437114 -50.844250 -18.407136 10.888901 -30.814417
32.462114 -50.841087 -18.378973 10.913901 -30.836254
32.487114 -50.783513 -18.296399 10.938901 -30.803679
32.512114 -50.769594 -18.257480 10.963901 -30.814761
32.537114 -50.766776 -18.229662 10.988901 -30.836943
32.562114 -50.754309 -18.192195 11.013901 -30.849476
32.587114 -50.776890 -18.189776 11.038901 -30.897057
32.612114 -50.822753 -18.210639 11.063901 -30.967919
32.637114 -50.779909 -18.142795 11.088901 -30.950075
32.662114 -50.742471 -18.080356 11.113901 -30.937637
32.687114 -50.792758 -18.105644 11.138901 -31.012925
32.712114 -50.742989 -18.030874 11.163901 -30.988155
32.737114 -50.753080 -18.015966 11.188901 -31.023246
32.762114 -50.704829 -17.942715 11.213901 -30.999995
32.787114 -50.753028 -17.965914 11.238901 -31.073194
32.812114 -50.751594 -17.939479 11.263901 -31.096760
32.837114 -50.737593 -17.900479 11.288901 -31.107759
32.862114 -50.744197 -17.882082 11.313901 -31.139363
32.887114 -50.702720 -17.815606 11.338901 -31.122887
32.912114 -50.726998 -17.814884 11.363901 -31.172165
32.937114 -50.740718 -17.803604 11.388901 -31.210884
32.962114 -50.769159 -17.807044 11.413901 -31.264325
32.987114 -50.664539 -17.677425 11.438901 -31.184705
33.012114 -50.729787 -17.717673 11.463901 -31.274954
33.037114 -50.682940 -17.645826 11.488901 -31.253106
33.062114 -50.742864 -17.680750 11.513901 -31.338030
33.087114 -50.689141 -17.602027 11.538901 -31.309308
33.112114 -50.712059 -17.599945 11.563901 -31.357226
33.137114 -50.688133 -17.551019 11.588901 -31.358300
33.162114 -50.767896 -17.605782 11.613901 -31.463063
33.187114 -50.668530 -17.481415 11.638901 -31.388696
33.212114 -50.671458 -17.459344 11.663901 -31.416625
33.237114 -50.716236 -17.479122 11.688901 -31.486403
33.262114 -50.701797 -17.439683 11.713901 -31.496964
33.287114 -50.723584 -17.436469 11.738901 -31.543750
33.312114 -50.711782 -17.399668 11.763901 -31.556949
33.337114 -50.706642 -17.369528 11.788901 -31.576808
33.362114 -50.706953 -17.344839 11.813901 -31.602119
33.387114 -50.741597 -17.354482 11.838901 -31.661763
33.412114 -50.749936 -17.337822 11.863901 -31.695102
33.437114 -50.721041 -17.283927 11.888901 -31.691208
33.462114 -50.729245 -17.267130 11.913901 -31.724411
33.487114 -50.774185 -17.287071 11.938901 -31.794352
33.512114 -50.786864 -17.274750 11.963901 -31.832031
33.537114 -50.799159 -17.262044 11.988901 -31.869325
33.562114 -50.848010 -17.285896 12.013901 -31.943177
33.587114 -50.844001 -17.256887 12.038901 -31.964168
33.612114 -50.788079 -17.175965 12.063901 -31.933245
33.637114 -50.791077 -17.153963 12.088901 -31.961243
33.662114 -50.781372 -17.119258 12.113901 -31.976538
33.687114 -50.844435 -17.157321 12.138901 -32.064601
33.712114 -50.832199 -17.120085 12.163901 -32.077365
33.737114 -50.792437 -17.055323 12.188901 -32.062603
33.762114 -50.821521 -17.059406 12.213901 -32.116687
33.787114 -50.864691 -17.077577 12.238901 -32.184857
33.812114 -50.901571 -17.089457 12.263901 -32.246737
33.837114 -50.927998 -17.090884 12.288901 -32.298164
33.862114 -50.887969 -17.025855 12.313901 -32.283135
33.887114 -50.924734 -17.037619 12.338901 -32.344900
33.912114 -50.917987 -17.005873 12.363901 -32.363154
33.937114 -50.992137 -17.055022 12.388901 -32.462303
33.962114 -50.966499 -17.004385 12.413901 -32.461666
33.987114 -50.947335 -16.960221 12.438901 -32.467501
34.012114 -50.994202 -16.982088 12.463901 -32.539368
34.037114 -50.976752 -16.939638 12.488901 -32.546919
34.062114 -51.137409 -17.075295 12.513901 -32.732575
34.087114 -51.050441 -16.963327 12.538901 -32.670607
34.112114 -51.169114 -17.057000 12.563901 -32.814281
34.137114 -51.112707 -16.975593 12.588901 -32.782874
34.162114 -51.148807 -16.986693 12.613901 -32.843974
34.187114 -51.252843 -17.065728 12.638901 -32.973009
34.212114 -51.272985 -17.060871 12.663901 -33.018151
34.237114 -51.202355 -16.965240 12.688901 -32.972521
34.262114 -51.265413 -17.003299 12.713901 -33.060579
34.287114 -51.233667 -16.946553 12.738901 -33.053833
34.312114 -51.310779 -16.998665 12.763901 -33.155946
34.337114 -51.312722 -16.975608 12.788901 -33.182888
34.362114 -51.260963 -16.898849 12.813901 -33.156129
34.387114 -51.404578 -17.017463 12.838901 -33.324744
34.412114 -51.403838 -16.991723 12.863901 -33.349004
34.437114 -51.449103 -17.011989 12.888901 -33.419270
34.462114 -51.502457 -17.040343 12.913901 -33.497623
34.487114 -51.601851 -17.114737 12.938901 -33.622018
34.512114 -51.620031 -17.107917 12.963901 -33.665198
34.537114 -51.608796 -17.071681 12.988901 -33.678962
34.562114 -51.706983 -17.144869 13.013901 -33.802149
34.587114 -51.685970 -17.098855 13.038901 -33.806136
34.612114 -51.818263 -17.206149 13.063901 -33.963430
34.637114 -51.802420 -17.165306 13.088901 -33.972586
34.662114 -51.876783 -17.214669 13.113901 -34.071950
34.687114 -51.913040 -17.225925 13.138901 -34.133206
34.712114 -52.113180 -17.401066 13.163901 -34.358347
34.737114 -52.271555 -17.534441 13.188901 -34.541722
34.762114 -52.227288 -17.465173 13.213901 -34.522454
34.787114 -52.159921 -17.372807 13.238901 -34.480087
34.812114 -52.257700 -17.445586 13.263901 -34.602866
34.837114 -52.088194 -17.251079 13.288901 -34.458360
34.862114 -52.441394 -17.579280 13.313901 -34.836560
34.887114 -52.407871 -17.520756 13.338901 -34.828037
34.912114 -52.736988 -17.824874 13.363901 -35.182154
34.937114 -52.800997 -17.863883 13.388901 -35.271163
34.962114 -52.646511 -17.684397 13.413901 -35.141678
34.987114 -52.960092 -17.972978 13.438901 -35.480259
35.012114 -53.192365 -18.180251 13.463901 -35.737531
35.037114 -53.137726 -18.100612 13.488901 -35.707892
35.062114 -53.132565 -18.070451 13.513901 -35.727732
35.087114 -53.369726 -18.282611 13.538901 -35.989892
35.112114 -53.577690 -18.465575 13.563901 -36.222856
35.137114 -53.962849 -18.825735 13.588901 -36.633016
35.162114 -53.555805 -18.393690 13.613901 -36.250971
35.187114 -53.910830 -18.723715 13.638901 -36.630996
35.212114 -53.711811 -18.499697 13.663901 -36.456978
35.237114 -53.644533 -18.407419 13.688901 -36.414700
35.262114 -53.721320 -18.459205 13.713901 -36.516486
35.287114 -53.909260 -18.622146 13.738901 -36.729426
35.312114 -54.401775 -19.089661 13.763901 -37.246941
35.337114 -54.471815 -19.134700 13.788901 -37.341981
35.362114 -55.168677 -19.806563 13.813901 -38.063844
35.387114 -54.641874 -19.254760 13.838901 -37.562040
35.412114 -53.937846 -18.525732 13.863901 -36.883012
35.437114 -54.589803 -19.152689 13.888901 -37.559970
35.462114 -55.956942 -20.494828 13.913901 -38.952109
35.487114 -56.159257 -20.672142 13.938901 -39.179423
35.512114 -55.322577 -19.810463 13.963901 -38.367743
35.537114 -55.197544 -19.660430 13.988901 -38.267711
35.562114 -55.937835 -20.375721 14.013901 -39.033002
35.587114 -55.504824 -19.917710 14.038901 -38.624991
35.612114 -55.701022 -20.088908 14.063901 -38.846189
35.637114 -55.200578 -19.563464 14.088901 -38.370744
35.662114 -56.903301 -21.241187 14.113901 -40.098467
35.687114 -56.361812 -20.674698 14.138901 -39.581978
35.712114 -58.191157 -22.479042 14.163901 -41.436323
35.737114 -59.295231 -23.558116 14.188901 -42.565397
35.762114 -57.426490 -21.664375 14.213901 -40.721656
35.787114 -58.200485 -22.413371 14.238901 -41.520652
35.812114 -58.517013 -22.704899 14.263901 -41.862179
35.837114 -60.595348 -24.758234 14.288901 -43.965514
35.862114 -58.877641 -23.015526 14.313901 -42.272807
35.887114 -59.507521 -23.620407 14.338901 -42.927688
35.912114 -60.238502 -24.326387 14.363901 -43.683668
35.937114 -59.960041 -24.022926 14.388901 -43.430207
35.962114 -58.880116 -22.918001 14.413901 -42.375282
35.987114 -58.252576 -22.265461 14.438901 -41.772742
36.012114 -60.798030 -24.785916 14.463901 -44.343196
36.037114 -64.998516 -28.961402 14.488901 -48.568682
36.062114 -62.010473 -25.948359 14.513901 -45.605639
36.087114 -63.072795 -26.985681 14.538901 -46.692962
36.112114 -61.129181 -25.017067 14.563901 -44.774347
36.137114 -64.190449 -28.053335 14.588901 -47.860615
36.162114 -62.049997 -25.887883 14.613901 -45.745164
36.212114 -65.457423 -29.245309 14.663901 -49.202589
36.262114 -66.968807 -30.706692 14.713901 -50.763973
