1.00E-06 0.00E+00
1.12E-06 0.00E+00
1.26E-06 0.00E+00
1.41E-06 0.00E+00
1.58E-06 0.00E+00
1.78E-06 0.00E+00
2.00E-06 0.00E+00
2.24E-06 0.00E+00
2.51E-06 0.00E+00
2.82E-06 0.00E+00
3.16E-06 0.00E+00
3.55E-06 0.00E+00
3.98E-06 0.00E+00
4.47E-06 0.00E+00
5.01E-06 0.00E+00
5.62E-06 0.00E+00
6.31E-06 0.00E+00
7.08E-06 0.00E+00
7.94E-06 1.76E-21
8.91E-06 4.00E-19
1.00E-05 2.65E-18
1.12E-05 8.64E-18
1.26E-05 2.13E-17
1.41E-05 4.55E-17
1.58E-05 8.77E-17
1.78E-05 1.27E-16
2.00E-05 1.65E-16
2.24E-05 2.12E-16
2.51E-05 2.69E-16
2.82E-05 3.39E-16
3.16E-05 4.24E-16
3.55E-05 5.26E-16
3.98E-05 6.48E-16
4.47E-05 7.93E-16
5.01E-05 9.65E-16
5.62E-05 1.17E-15
6.31E-05 1.40E-15
7.08E-05 1.67E-15
7.94E-05 1.98E-15
8.91E-05 2.31E-15
1.00E-04 2.68E-15
1.12E-04 3.07E-15
1.26E-04 3.47E-15
1.41E-04 3.89E-15
1.58E-04 4.31E-15
1.78E-04 4.73E-15
2.00E-04 5.17E-15
2.24E-04 5.62E-15
2.51E-04 6.08E-15
2.82E-04 6.57E-15
3.16E-04 7.07E-15
3.55E-04 7.61E-15
3.98E-04 8.17E-15
4.47E-04 8.77E-15
5.01E-04 9.41E-15
5.62E-04 1.01E-14
6.31E-04 1.08E-14
7.08E-04 1.16E-14
7.94E-04 1.24E-14
8.91E-04 1.33E-14
1.00E-03 1.43E-14
1.12E-03 1.53E-14
1.26E-03 1.64E-14
1.41E-03 1.75E-14
1.58E-03 1.88E-14
1.78E-03 2.01E-14
2.00E-03 2.16E-14
2.24E-03 2.31E-14
2.51E-03 2.48E-14
2.82E-03 2.65E-14
3.16E-03 2.84E-14
3.55E-03 3.05E-14
3.98E-03 3.26E-14
4.47E-03 3.50E-14
5.01E-03 3.75E-14
5.62E-03 4.01E-14
6.31E-03 4.30E-14
7.08E-03 4.61E-14
7.94E-03 4.93E-14
8.91E-03 5.29E-14
1.00E-02 5.66E-14
1.12E-02 6.07E-14
1.26E-02 6.50E-14
1.41E-02 6.97E-14
1.58E-02 7.46E-14
1.78E-02 7.99E-14
2.00E-02 8.56E-14
2.24E-02 9.18E-14
2.51E-02 9.83E-14
2.82E-02 1.05E-13
3.16E-02 1.13E-13
3.55E-02 1.21E-13
3.98E-02 1.29E-13
4.47E-02 1.39E-13
5.01E-02 1.48E-13
5.62E-02 1.59E-13
6.31E-02 1.70E-13
7.08E-02 1.82E-13
7.94E-02 1.95E-13
8.91E-02 2.09E-13
1.00E-01 2.24E-13
1.12E-01 2.40E-13
1.26E-01 2.57E-13
1.41E-01 2.75E-13
1.58E-01 2.94E-13
1.78E-01 3.15E-13
2.00E-01 3.37E-13
2.24E-01 3.61E-13
2.51E-01 3.86E-13
2.82E-01 4.13E-13
3.16E-01 4.42E-13
3.55E-01 4.72E-13
3.98E-01 5.05E-13
4.47E-01 5.40E-13
5.01E-01 5.77E-13
5.62E-01 6.16E-13
6.31E-01 6.58E-13
7.08E-01 7.03E-13
7.94E-01 7.51E-13
8.91E-01 8.01E-13
1.00E+00 8.55E-13
1.12E+00 9.11E-13
1.26E+00 9.72E-13
1.41E+00 1.04E-12
1.58E+00 1.10E-12
1.78E+00 1.17E-12
2.00E+00 1.25E-12
2.24E+00 1.33E-12
2.51E+00 1.41E-12
2.82E+00 1.50E-12
3.16E+00 1.59E-12
3.55E+00 1.69E-12
3.98E+00 1.79E-12
4.47E+00 1.90E-12
5.01E+00 2.01E-12
5.62E+00 2.13E-12
6.31E+00 2.25E-12
7.08E+00 2.38E-12
7.94E+00 2.52E-12
8.91E+00 2.65E-12
1.00E+01 2.80E-12
1.12E+01 2.95E-12
1.26E+01 3.10E-12
1.41E+01 3.26E-12
1.58E+01 3.43E-12
1.78E+01 3.60E-12
2.00E+01 3.77E-12
2.24E+01 3.95E-12
2.51E+01 4.14E-12
2.82E+01 4.33E-12
3.16E+01 4.53E-12
3.55E+01 4.73E-12
3.98E+01 4.93E-12
4.47E+01 5.14E-12
5.01E+01 5.35E-12
5.62E+01 5.56E-12
6.31E+01 5.78E-12
7.08E+01 6.00E-12
7.94E+01 6.22E-12
8.91E+01 6.45E-12
1.00E+02 6.67E-12
1.12E+02 6.90E-12
1.26E+02 7.12E-12
1.41E+02 7.35E-12
1.58E+02 7.57E-12
1.78E+02 7.80E-12
2.00E+02 8.02E-12
2.24E+02 8.23E-12
2.51E+02 8.45E-12
2.82E+02 8.65E-12
3.16E+02 8.86E-12
3.55E+02 9.05E-12
3.98E+02 9.24E-12
4.47E+02 9.42E-12
5.01E+02 9.59E-12
5.62E+02 9.75E-12
6.31E+02 9.90E-12
7.08E+02 1.00E-11
7.94E+02 1.02E-11
8.91E+02 1.03E-11
1.00E+03 1.04E-11
1.12E+03 1.04E-11
1.26E+03 1.05E-11
1.41E+03 1.05E-11
1.58E+03 1.06E-11
1.78E+03 1.06E-11
2.00E+03 1.05E-11
2.24E+03 1.05E-11
2.51E+03 1.05E-11
2.82E+03 1.04E-11
3.16E+03 1.03E-11
3.55E+03 1.02E-11
3.98E+03 1.00E-11
4.47E+03 9.85E-12
5.01E+03 9.67E-12
5.62E+03 9.46E-12
6.31E+03 9.24E-12
7.08E+03 9.00E-12
7.94E+03 8.75E-12
8.91E+03 8.48E-12
1.00E+04 8.20E-12
1.12E+04 7.91E-12
1.26E+04 7.61E-12
1.41E+04 7.30E-12
1.58E+04 6.99E-12
1.78E+04 6.68E-12
2.00E+04 6.37E-12
2.24E+04 6.07E-12
2.51E+04 5.77E-12
2.82E+04 5.47E-12
3.16E+04 5.19E-12
3.55E+04 4.91E-12
3.98E+04 4.65E-12
4.47E+04 4.39E-12
5.01E+04 4.14E-12
5.62E+04 3.91E-12
6.31E+04 3.69E-12
7.08E+04 3.47E-12
7.94E+04 3.27E-12
8.91E+04 3.08E-12
1.00E+05 2.89E-12
1.12E+05 2.72E-12
1.26E+05 2.55E-12
1.41E+05 2.39E-12
1.58E+05 2.24E-12
1.78E+05 2.09E-12
2.00E+05 1.95E-12
2.24E+05 1.82E-12
2.51E+05 1.70E-12
2.82E+05 1.58E-12
3.16E+05 1.46E-12
3.55E+05 1.35E-12
3.98E+05 1.25E-12
4.47E+05 1.15E-12
5.01E+05 1.06E-12
5.62E+05 9.71E-13
6.31E+05 8.89E-13
7.08E+05 8.13E-13
7.94E+05 7.42E-13
8.91E+05 6.78E-13
1.00E+06 6.20E-13
1.12E+06 5.67E-13
1.26E+06 5.20E-13
1.41E+06 4.78E-13
1.58E+06 4.42E-13
1.78E+06 4.09E-13
2.00E+06 3.81E-13
2.24E+06 3.55E-13
2.51E+06 3.32E-13
2.82E+06 3.12E-13
3.16E+06 2.93E-13
3.55E+06 2.75E-13
3.98E+06 2.58E-13
4.47E+06 2.42E-13
5.01E+06 2.27E-13
5.62E+06 2.12E-13
6.31E+06 1.99E-13
7.08E+06 1.86E-13
7.94E+06 1.75E-13
8.91E+06 1.65E-13
1.00E+07 1.56E-13
1.12E+07 1.48E-13
1.26E+07 1.41E-13
1.41E+07 1.36E-13
1.58E+07 1.31E-13
1.78E+07 1.28E-13
2.00E+07 1.26E-13
2.24E+07 1.24E-13
2.51E+07 1.24E-13
2.82E+07 1.24E-13
3.16E+07 1.26E-13
3.55E+07 1.28E-13
3.98E+07 1.30E-13
4.47E+07 1.34E-13
5.01E+07 1.38E-13
5.62E+07 1.43E-13
6.31E+07 1.49E-13
7.08E+07 1.55E-13
7.94E+07 1.62E-13
8.91E+07 1.70E-13
1.00E+08 1.79E-13
1.12E+08 1.88E-13
1.26E+08 1.98E-13
1.41E+08 2.09E-13
1.58E+08 2.20E-13
1.78E+08 2.32E-13
2.00E+08 2.45E-13
2.24E+08 2.59E-13
2.51E+08 2.73E-13
2.82E+08 2.89E-13
3.16E+08 3.05E-13
3.55E+08 3.22E-13
3.98E+08 3.40E-13
4.47E+08 3.59E-13
5.01E+08 3.79E-13
5.62E+08 4.00E-13
6.31E+08 4.22E-13
7.08E+08 4.45E-13
7.94E+08 4.70E-13
8.91E+08 4.95E-13
1.00E+09 5.21E-13
1.12E+09 5.49E-13
1.26E+09 5.78E-13
1.41E+09 6.08E-13
1.58E+09 6.40E-13
1.78E+09 6.73E-13
2.00E+09 7.07E-13
2.24E+09 7.43E-13
2.51E+09 7.80E-13
2.82E+09 8.18E-13
3.16E+09 8.58E-13
3.55E+09 8.99E-13
3.98E+09 9.41E-13
4.47E+09 9.85E-13
5.01E+09 1.03E-12
5.62E+09 1.08E-12
6.31E+09 1.12E-12
7.08E+09 1.17E-12
7.94E+09 1.22E-12
8.91E+09 1.27E-12
1.00E+10 1.32E-12
1.12E+10 1.37E-12
1.26E+10 1.43E-12
1.41E+10 1.48E-12
1.58E+10 1.53E-12
1.78E+10 1.59E-12
2.00E+10 1.64E-12
2.24E+10 1.69E-12
2.51E+10 1.74E-12
2.82E+10 1.79E-12
3.16E+10 1.84E-12
3.55E+10 1.88E-12
3.98E+10 1.92E-12
4.47E+10 1.96E-12
5.01E+10 2.00E-12
5.62E+10 2.03E-12
6.31E+10 2.06E-12
7.08E+10 2.08E-12
7.94E+10 2.10E-12
8.91E+10 2.11E-12
1.00E+11 2.12E-12
1.12E+11 2.12E-12
1.26E+11 2.11E-12
1.41E+11 2.09E-12
1.58E+11 2.06E-12
1.78E+11 2.03E-12
2.00E+11 1.99E-12
2.24E+11 1.94E-12
2.51E+11 1.88E-12
2.82E+11 1.81E-12
3.16E+11 1.74E-12
3.55E+11 1.66E-12
3.98E+11 1.57E-12
4.47E+11 1.48E-12
5.01E+11 1.39E-12
5.62E+11 1.29E-12
6.31E+11 1.19E-12
7.08E+11 1.09E-12
7.94E+11 9.97E-13
8.91E+11 9.03E-13
1.00E+12 8.12E-13
1.12E+12 7.25E-13
1.26E+12 6.43E-13
1.41E+12 5.66E-13
1.58E+12 4.95E-13
1.78E+12 4.29E-13
2.00E+12 3.69E-13
2.24E+12 3.15E-13
2.51E+12 2.66E-13
2.82E+12 2.24E-13
3.16E+12 1.86E-13
3.55E+12 1.55E-13
3.98E+12 1.27E-13
4.47E+12 1.05E-13
5.01E+12 8.61E-14
5.62E+12 7.06E-14
6.31E+12 5.78E-14
7.08E+12 4.72E-14
7.94E+12 3.84E-14
8.91E+12 3.12E-14
1.00E+13 2.52E-14
1.12E+13 2.03E-14
1.26E+13 1.63E-14
1.41E+13 1.30E-14
1.58E+13 1.03E-14
1.78E+13 8.06E-15
2.00E+13 6.26E-15
2.24E+13 4.80E-15
2.51E+13 3.64E-15
2.82E+13 2.74E-15
3.16E+13 2.06E-15
3.55E+13 1.58E-15
3.98E+13 1.23E-15
4.47E+13 9.68E-16
5.01E+13 7.58E-16
5.62E+13 5.84E-16
6.31E+13 4.42E-16
7.08E+13 3.27E-16
7.94E+13 2.37E-16
8.91E+13 1.69E-16
1.00E+14 1.20E-16
1.12E+14 8.45E-17
1.26E+14 5.89E-17
1.41E+14 4.03E-17
1.58E+14 2.70E-17
1.78E+14 1.78E-17
2.00E+14 1.15E-17
2.24E+14 7.26E-18
2.51E+14 4.48E-18
2.82E+14 2.69E-18
3.16E+14 1.58E-18
3.55E+14 8.93E-19
3.98E+14 4.90E-19
4.47E+14 2.59E-19
5.01E+14 1.31E-19
5.62E+14 6.38E-20
6.31E+14 2.95E-20
7.08E+14 1.29E-20
7.94E+14 5.34E-21
8.91E+14 2.07E-21
1.00E+15 7.46E-22
1.12E+15 2.49E-22
1.26E+15 7.63E-23
1.41E+15 2.12E-23
1.58E+15 5.32E-24
1.78E+15 1.19E-24
2.00E+15 2.33E-25
2.24E+15 3.98E-26
2.51E+15 5.78E-27
2.82E+15 7.06E-28
3.16E+15 7.08E-29
3.55E+15 5.69E-30
3.98E+15 3.57E-31
4.47E+15 1.70E-32
5.01E+15 5.89E-34
5.62E+15 1.43E-35
6.31E+15 2.32E-37
7.08E+15 2.38E-39
7.94E+15 1.45E-41
8.91E+15 4.93E-44
1.00E+16 8.66E-47
1.12E+16 7.23E-50
1.26E+16 2.62E-53
1.41E+16 3.71E-57
1.58E+16 1.83E-61
1.78E+16 2.77E-66
2.00E+16 1.11E-71
2.24E+16 1.00E-77
2.51E+16 1.71E-84
2.82E+16 4.47E-92
3.16E+16 1.42E-100
3.55E+16 4.29E-110
3.98E+16 9.15E-121
4.47E+16 1.00E-132
5.01E+16 3.91E-146
5.62E+16 3.62E-161
6.31E+16 5.05E-178
7.08E+16 6.37E-197
7.94E+16 4.07E-218
8.91E+16 6.94E-242
1.00E+17 1.53E-268
1.12E+17 0.00E+00
1.26E+17 0.00E+00
1.41E+17 0.00E+00
1.58E+17 0.00E+00
1.78E+17 0.00E+00
2.00E+17 0.00E+00
2.24E+17 0.00E+00
2.51E+17 0.00E+00
2.82E+17 0.00E+00
3.16E+17 0.00E+00
3.55E+17 0.00E+00
3.98E+17 0.00E+00
4.47E+17 0.00E+00
5.01E+17 0.00E+00
5.62E+17 0.00E+00
6.31E+17 0.00E+00
7.08E+17 0.00E+00
7.94E+17 0.00E+00
8.91E+17 0.00E+00
1.00E+18 0.00E+00
1.12E+18 0.00E+00
1.26E+18 0.00E+00
1.41E+18 0.00E+00
1.58E+18 0.00E+00
1.78E+18 0.00E+00
2.00E+18 0.00E+00
2.24E+18 0.00E+00
2.51E+18 0.00E+00
2.82E+18 0.00E+00
3.16E+18 0.00E+00
3.55E+18 0.00E+00
3.98E+18 0.00E+00
4.47E+18 0.00E+00
5.01E+18 0.00E+00
5.62E+18 0.00E+00
6.31E+18 0.00E+00
7.08E+18 0.00E+00
7.94E+18 0.00E+00
8.91E+18 0.00E+00
1.00E+19 0.00E+00
1.12E+19 0.00E+00
1.26E+19 0.00E+00
1.41E+19 0.00E+00
1.58E+19 0.00E+00
1.78E+19 0.00E+00
2.00E+19 0.00E+00
2.24E+19 0.00E+00
2.51E+19 0.00E+00
2.82E+19 0.00E+00
3.16E+19 0.00E+00
3.55E+19 0.00E+00
3.98E+19 0.00E+00
4.47E+19 0.00E+00
5.01E+19 0.00E+00
5.62E+19 0.00E+00
6.31E+19 0.00E+00
7.08E+19 0.00E+00
7.94E+19 0.00E+00
8.91E+19 0.00E+00
1.00E+20 0.00E+00
1.12E+20 0.00E+00
1.26E+20 0.00E+00
1.41E+20 0.00E+00
1.58E+20 0.00E+00
1.78E+20 0.00E+00
2.00E+20 0.00E+00
2.24E+20 0.00E+00
2.51E+20 0.00E+00
2.82E+20 0.00E+00
3.16E+20 0.00E+00
3.55E+20 0.00E+00
3.98E+20 0.00E+00
4.47E+20 0.00E+00
5.01E+20 0.00E+00
5.62E+20 0.00E+00
6.31E+20 0.00E+00
7.08E+20 0.00E+00
7.94E+20 0.00E+00
8.91E+20 0.00E+00
1.00E+21 0.00E+00