25.626137 -52.038582 -26.412445 4.113901 -19.568759
25.651137 -52.038582 -26.387445 4.138901 -19.593759
25.701137 -52.038582 -26.337445 4.188901 -19.643759
25.776137 -51.653053 -25.876916 4.263901 -19.333230
25.801137 -51.456247 -25.655110 4.288901 -19.161424
25.851137 -51.456247 -25.605110 4.338901 -19.211424
25.876137 -51.177135 -25.300997 4.363901 -18.957312
25.901137 -51.150580 -25.249443 4.388901 -18.955757
25.926137 -51.561461 -25.635323 4.413901 -19.391638
25.951137 -51.203549 -25.252411 4.438901 -19.058726
25.976137 -51.352023 -25.375886 4.463901 -19.232200
26.001137 -51.519539 -25.518401 4.488901 -19.424716
26.051137 -51.331002 -25.279864 4.538901 -19.286179
26.076137 -51.021376 -24.945238 4.563901 -19.001552
26.101137 -51.240948 -25.139810 4.588901 -19.246124
26.126137 -50.884957 -24.758819 4.613901 -18.915133
26.151137 -50.932806 -24.781669 4.638901 -18.987983
26.176137 -50.987434 -24.811297 4.663901 -19.067611
26.201137 -51.150580 -24.949443 4.688901 -19.255757
26.226137 -51.392883 -25.166746 4.713901 -19.523060
26.251137 -50.995973 -24.744835 4.738901 -19.151149
26.276137 -50.777608 -24.501471 4.763901 -18.957785
26.301137 -50.849520 -24.548383 4.788901 -19.054697
26.326137 -50.505055 -24.178918 4.813901 -18.735232
26.351137 -51.202741 -24.851603 4.838901 -19.457917
26.376137 -50.773802 -24.397665 4.863901 -19.053979
26.401137 -51.101358 -24.700220 4.888901 -19.406535
26.426137 -50.339823 -23.913686 4.913901 -18.670000
26.451137 -50.742595 -24.291458 4.938901 -19.097772
26.476137 -50.421830 -23.945693 4.963901 -18.802007
26.501137 -50.367456 -23.866319 4.988901 -18.772633
26.526137 -50.454967 -23.928830 5.013901 -18.885144
26.551137 -50.620952 -24.069815 5.038901 -19.076129
26.576137 -51.238964 -24.662827 5.063901 -19.719141
26.601137 -50.359338 -23.758201 5.088901 -18.864515
26.626137 -50.172024 -23.545887 5.113901 -18.702201
26.651137 -50.164292 -23.513154 5.138901 -18.719468
26.676137 -50.423228 -23.747091 5.163901 -19.003405
26.701137 -49.871940 -23.170803 5.188901 -18.477117
26.726137 -49.956978 -23.230841 5.213901 -18.587155
26.751137 -50.203346 -23.452208 5.238901 -18.858523
26.776137 -50.146050 -23.369913 5.263901 -18.826227
26.801137 -49.959537 -23.158400 5.288901 -18.664714
26.826137 -49.769150 -22.943013 5.313901 -18.499327
26.851137 -49.925728 -23.074591 5.338901 -18.680905
26.876137 -49.759269 -22.883131 5.363901 -18.539445
26.901137 -49.703201 -22.802064 5.388901 -18.508378
26.926137 -49.822541 -22.896404 5.413901 -18.652718
26.951137 -49.689798 -22.738661 5.438901 -18.544975
26.976137 -49.686633 -22.710496 5.463901 -18.566810
27.001137 -49.797838 -22.796701 5.488901 -18.703015
27.026137 -49.624135 -22.597997 5.513901 -18.554312
27.051137 -49.689171 -22.638034 5.538901 -18.644348
27.076137 -49.903261 -22.827124 5.563901 -18.883438
27.101137 -49.538284 -22.437147 5.588901 -18.543461
27.126137 -49.530252 -22.404115 5.613901 -18.560429
27.151137 -49.687557 -22.536420 5.638901 -18.742734
27.176137 -49.715604 -22.539467 5.663901 -18.795781
27.201137 -49.526028 -22.324890 5.688901 -18.631205
27.226137 -49.445280 -22.219143 5.713901 -18.575457
27.251137 -49.443022 -22.191885 5.738901 -18.598199
27.276137 -49.204708 -21.928570 5.763901 -18.384885
27.301137 -49.514181 -22.213044 5.788901 -18.719358
27.326137 -49.291043 -21.964906 5.813901 -18.521220
27.351137 -49.180300 -21.829162 5.838901 -18.435477
27.376137 -49.298976 -21.922839 5.863901 -18.579153
27.401137 -49.240966 -21.839829 5.888901 -18.546143
27.426137 -49.196408 -21.770270 5.913901 -18.526585
27.451137 -49.246221 -21.795083 5.938901 -18.601398
27.476137 -49.018777 -21.542640 5.963901 -18.398954
27.501137 -49.099277 -21.598140 5.988901 -18.504454
27.526137 -49.042392 -21.516255 6.013901 -18.472569
27.551137 -49.087137 -21.536000 6.038901 -18.542314
27.576137 -48.996563 -21.420425 6.063901 -18.476739
27.601137 -49.013476 -21.412339 6.088901 -18.518653
27.626137 -49.080661 -21.454523 6.113901 -18.610838
27.651137 -48.989553 -21.338416 6.138901 -18.544730
27.676137 -48.954054 -21.277917 6.163901 -18.534231
27.701137 -48.939751 -21.238614 6.188901 -18.544928
27.726137 -49.006646 -21.280508 6.213901 -18.636822
27.751137 -48.806252 -21.055115 6.238901 -18.461429
27.776137 -48.813288 -21.037151 6.263901 -18.493465
27.801137 -48.808247 -21.007109 6.288901 -18.513424
27.826137 -48.801528 -20.975391 6.313901 -18.531705
27.851137 -48.866014 -21.014877 6.338901 -18.621191
27.876137 -48.712301 -20.836164 6.363901 -18.492478
27.901137 -48.842997 -20.941860 6.388901 -18.648174
27.926137 -48.713264 -20.787126 6.413901 -18.543440
27.951137 -48.626715 -20.675578 6.438901 -18.481892
27.976137 -48.599726 -20.623589 6.463901 -18.479903
28.001137 -48.622278 -20.621141 6.488901 -18.527455
28.026137 -48.567306 -20.541168 6.513901 -18.497483
28.051137 -48.577399 -20.526262 6.538901 -18.532576
28.076137 -48.610356 -20.534219 6.563901 -18.590533
28.101137 -48.441798 -20.340660 6.588901 -18.446975
28.126137 -48.488541 -20.362404 6.613901 -18.518718
28.151137 -48.598123 -20.446986 6.638901 -18.653300
28.176137 -48.534529 -20.358392 6.663901 -18.614706
28.201137 -48.416823 -20.215686 6.688901 -18.522000
28.226137 -48.363423 -20.137285 6.713901 -18.493599
28.251137 -48.478220 -20.227083 6.738901 -18.633397
28.276137 -48.254068 -19.977930 6.763901 -18.434244
28.301137 -48.345404 -20.044267 6.788901 -18.550581
28.326137 -48.281946 -19.955809 6.813901 -18.512123
28.351137 -48.294205 -19.943068 6.838901 -18.549382
28.376137 -48.255078 -19.878941 6.863901 -18.535255
28.401137 -48.296742 -19.895605 6.888901 -18.601919
28.426137 -48.235957 -19.809820 6.913901 -18.566134
28.451137 -48.270673 -19.819536 6.938901 -18.625850
28.476137 -48.209371 -19.733234 6.963901 -18.589548
28.501137 -48.211846 -19.710708 6.988901 -18.617023
28.526137 -48.193944 -19.667807 7.013901 -18.624121
28.551137 -48.171364 -19.620227 7.038901 -18.626541
28.576137 -48.147127 -19.570990 7.063901 -18.627304
28.601137 -48.088206 -19.487068 7.088901 -18.593382
28.626137 -48.044753 -19.418616 7.113901 -18.574930
28.651137 -48.081495 -19.430358 7.138901 -18.636672
28.676137 -48.098310 -19.422172 7.163901 -18.678486
28.701137 -48.001079 -19.299942 7.188901 -18.606256
28.726137 -48.031111 -19.304974 7.213901 -18.661288
28.751137 -47.904015 -19.152878 7.238901 -18.559192
28.776137 -48.042757 -19.266619 7.263901 -18.722934
28.801137 -47.999435 -19.198298 7.288901 -18.704612
28.826137 -47.914750 -19.088613 7.313901 -18.644927
28.851137 -48.000482 -19.149344 7.338901 -18.755659
28.876137 -47.923113 -19.046976 7.363901 -18.703290
28.901137 -47.878861 -18.977723 7.388901 -18.684038
28.926137 -47.851253 -18.925115 7.413901 -18.681430
28.951137 -47.892280 -18.941143 7.438901 -18.747457
28.976137 -47.853033 -18.876896 7.463901 -18.733210
29.001137 -47.786868 -18.785731 7.488901 -18.692045
29.026137 -47.882777 -18.856640 7.513901 -18.812954
29.051137 -47.720637 -18.669500 7.538901 -18.675814
29.076137 -47.828392 -18.752254 7.563901 -18.808569
29.101137 -47.727165 -18.626028 7.588901 -18.732342
29.126137 -47.736400 -18.610263 7.613901 -18.766577
29.151137 -47.716043 -18.564906 7.638901 -18.771220
29.176137 -47.708365 -18.532227 7.663901 -18.788542
29.201137 -47.638069 -18.436932 7.688901 -18.743246
29.226137 -47.666418 -18.440280 7.713901 -18.796595
29.251137 -47.669214 -18.418077 7.738901 -18.824391
29.276137 -47.653627 -18.377490 7.763901 -18.833804
29.301137 -47.588545 -18.287408 7.788901 -18.793722
29.326137 -47.588275 -18.262137 7.813901 -18.818452
29.351137 -47.578825 -18.227688 7.838901 -18.834002
29.376137 -47.551134 -18.174997 7.863901 -18.831311
29.401137 -47.515619 -18.114482 7.888901 -18.820796
29.426137 -47.542907 -18.116770 7.913901 -18.873084
29.451137 -47.533007 -18.081870 7.938901 -18.888184
29.476137 -47.507385 -18.031248 7.963901 -18.887562
29.501137 -47.570068 -18.068931 7.988901 -18.975245
29.526137 -47.461080 -17.934942 8.013901 -18.891257
29.551137 -47.449278 -17.898141 8.038901 -18.904455
29.576137 -47.483211 -17.907073 8.063901 -18.963388
29.601137 -47.397147 -17.796009 8.088901 -18.902324
29.626137 -47.469508 -17.843371 8.113901 -18.999685
29.651137 -47.406897 -17.755760 8.138901 -18.962074
29.676137 -47.397904 -17.721766 8.163901 -18.978081
29.701137 -47.346067 -17.644929 8.188901 -18.951244
29.726137 -47.442875 -17.716738 8.213901 -19.073052
29.751137 -47.378270 -17.627133 8.238901 -19.033447
29.776137 -47.313452 -17.537314 8.263901 -18.993629
29.801137 -47.297544 -17.496407 8.288901 -19.002721
29.826137 -47.346495 -17.520358 8.313901 -19.076672
29.851137 -47.278534 -17.427397 8.338901 -19.033711
29.876137 -47.214993 -17.338856 8.363901 -18.995170
29.901137 -47.282229 -17.381092 8.388901 -19.087406
29.926137 -47.233615 -17.307478 8.413901 -19.063792
29.951137 -47.252565 -17.301428 8.438901 -19.107742
29.976137 -47.212227 -17.236089 8.463901 -19.092404
30.001137 -47.164757 -17.163620 8.488901 -19.069934
30.026137 -47.164605 -17.138468 8.513901 -19.094782
30.051137 -47.204529 -17.153391 8.538901 -19.159706
30.076137 -47.198830 -17.122693 8.563901 -19.179007
30.101137 -47.197096 -17.095959 8.588901 -19.202273
30.126137 -47.154144 -17.028007 8.613901 -19.184321
30.151137 -47.139322 -16.988185 8.638901 -19.194499
30.176137 -47.197559 -17.021421 8.663901 -19.277735
30.201137 -47.079874 -16.878736 8.688901 -19.185051
30.226137 -47.140999 -16.914862 8.713901 -19.271176
30.251137 -47.108961 -16.857824 8.738901 -19.264138
30.276137 -47.070010 -16.793873 8.763901 -19.250187
30.301137 -47.071905 -16.770767 8.788901 -19.277082
30.326137 -47.022256 -16.696119 8.813901 -19.252433
30.351137 -47.033776 -16.682639 8.838901 -19.288953
30.376137 -46.966702 -16.590564 8.863901 -19.246879
30.401137 -46.980153 -16.579016 8.888901 -19.285330
30.426137 -47.021885 -16.595747 8.913901 -19.352062
30.451137 -46.976448 -16.525311 8.938901 -19.331625
30.476137 -46.987971 -16.511834 8.963901 -19.368148
30.501137 -46.944022 -16.442885 8.988901 -19.349199
30.526137 -46.884327 -16.358190 9.013901 -19.314504
30.551137 -46.935864 -16.384726 9.038901 -19.391041
30.576137 -46.964811 -16.388674 9.063901 -19.444988
30.601137 -46.920865 -16.319727 9.088901 -19.426041
30.626137 -46.912391 -16.286253 9.113901 -19.442568
30.651137 -46.938705 -16.287567 9.138901 -19.493881
30.676137 -46.883238 -16.207100 9.163901 -19.463415
30.701137 -46.869180 -16.168043 9.188901 -19.474357
30.726137 -46.817221 -16.091084 9.213901 -19.447398
30.751137 -46.897556 -16.146419 9.238901 -19.552733
30.776137 -46.850866 -16.074729 9.263901 -19.531043
30.801137 -46.794292 -15.993154 9.288901 -19.499468
30.826137 -46.795613 -15.969475 9.313901 -19.525790
30.851137 -46.801969 -15.950831 9.338901 -19.557146
30.876137 -46.749426 -15.873289 9.363901 -19.529603
30.901137 -46.741295 -15.840158 9.388901 -19.546472
30.926137 -46.739582 -15.813444 9.413901 -19.569758
30.951137 -46.729618 -15.778480 9.438901 -19.584794
30.976137 -46.741909 -15.765772 9.463901 -19.622086
31.001137 -46.731927 -15.730790 9.488901 -19.637104
31.026137 -46.699459 -15.673321 9.513901 -19.629636
31.051137 -46.707955 -15.656818 9.538901 -19.663132
31.076137 -46.698947 -15.622809 9.563901 -19.679123
31.101137 -46.688813 -15.587676 9.588901 -19.693990
31.126137 -46.685817 -15.559680 9.613901 -19.715994
31.151137 -46.682017 -15.530880 9.638901 -19.737194
31.176137 -46.698879 -15.522742 9.663901 -19.779056
31.201137 -46.650147 -15.449009 9.688901 -19.755324
31.226137 -46.627882 -15.401744 9.713901 -19.758059
31.251137 -46.669475 -15.418338 9.738901 -19.824652
31.276137 -46.619159 -15.343022 9.763901 -19.799336
31.301137 -46.652114 -15.350977 9.788901 -19.857291
31.326137 -46.613355 -15.287217 9.813901 -19.843532
31.351137 -46.626586 -15.275449 9.838901 -19.881763
31.376137 -46.624567 -15.248430 9.863901 -19.904744
31.401137 -46.548620 -15.147483 9.888901 -19.853797
31.426137 -46.580798 -15.154660 9.913901 -19.910975
31.451137 -46.589900 -15.138762 9.938901 -19.945077
31.476137 -46.524818 -15.048681 9.963901 -19.904995
31.501137 -46.563235 -15.062098 9.988901 -19.968412
31.526137 -46.577005 -15.050868 10.013901 -20.007182
31.551137 -46.528786 -14.977649 10.038901 -19.983963
31.576137 -46.481570 -14.905432 10.063901 -19.961747
31.601137 -46.529104 -14.927967 10.088901 -20.034281
31.626137 -46.555700 -14.929562 10.113901 -20.085877
31.651137 -46.482038 -14.830901 10.138901 -20.037215
31.676137 -46.502314 -14.826177 10.163901 -20.082491
31.701137 -46.529677 -14.828540 10.188901 -20.134854
31.726137 -46.470029 -14.743892 10.213901 -20.100206
31.751137 -46.543271 -14.792134 10.238901 -20.198448
31.776137 -46.491522 -14.715385 10.263901 -20.171699
31.801137 -46.503283 -14.702145 10.288901 -20.208459
31.826137 -46.469240 -14.643102 10.313901 -20.199416
31.851137 -46.503253 -14.652116 10.338901 -20.258430
31.876137 -46.487942 -14.611805 10.363901 -20.268119
31.901137 -46.457904 -14.556766 10.388901 -20.263080
31.926137 -46.535282 -14.609145 10.413901 -20.365459
31.951137 -46.510889 -14.559751 10.438901 -20.366066
31.976137 -46.495166 -14.519029 10.463901 -20.375343
32.001137 -46.468651 -14.467514 10.488901 -20.373828
32.026137 -46.440139 -14.414001 10.513901 -20.370315
32.051137 -46.488640 -14.437503 10.538901 -20.443817
32.076137 -46.482441 -14.406304 10.563901 -20.462618
32.101137 -46.471056 -14.369919 10.588901 -20.476233
32.126137 -46.467248 -14.341111 10.613901 -20.497425
32.151137 -46.489328 -14.338191 10.638901 -20.544505
32.176137 -46.480340 -14.304202 10.663901 -20.560517
32.201137 -46.467309 -14.266171 10.688901 -20.572486
32.226137 -46.472108 -14.245971 10.713901 -20.602285
32.251137 -46.516522 -14.265385 10.738901 -20.671699
32.276137 -46.492944 -14.216807 10.763901 -20.673121
32.301137 -46.470615 -14.169477 10.788901 -20.675791
32.326137 -46.524821 -14.198684 10.813901 -20.754998
32.351137 -46.528522 -14.177385 10.838901 -20.783699
32.376137 -46.499014 -14.122877 10.863901 -20.779191
32.401137 -46.539599 -14.138462 10.888901 -20.844776
32.426137 -46.544244 -14.118106 10.913901 -20.874420
32.451137 -46.506385 -14.055247 10.938901 -20.861562
32.476137 -46.576647 -14.100509 10.963901 -20.956824
32.501137 -46.557591 -14.056454 10.988901 -20.962768
32.526137 -46.537126 -14.010989 11.013901 -20.967303
32.551137 -46.556567 -14.005430 11.038901 -21.011744
32.576137 -46.560293 -13.984156 11.063901 -21.040470
32.601137 -46.587171 -13.986034 11.088901 -21.092348
32.626137 -46.636253 -14.010116 11.113901 -21.166430
32.651137 -46.635227 -13.984090 11.138901 -21.190404
32.676137 -46.601116 -13.924979 11.163901 -21.181293
32.701137 -46.692559 -13.991422 11.188901 -21.297736
32.726137 -46.627666 -13.901528 11.213901 -21.257843
32.751137 -46.647989 -13.896852 11.238901 -21.303166
32.776137 -46.653714 -13.877577 11.263901 -21.333891
32.801137 -46.643347 -13.842210 11.288901 -21.348524
32.826137 -46.673826 -13.847689 11.313901 -21.404003
32.851137 -46.744289 -13.893152 11.338901 -21.499466
32.876137 -46.724520 -13.848383 11.363901 -21.504697
32.901137 -46.733752 -13.832615 11.388901 -21.538929
32.926137 -46.721205 -13.795068 11.413901 -21.551382
32.951137 -46.784397 -13.833260 11.438901 -21.639574
32.976137 -46.766781 -13.790644 11.463901 -21.646958
33.001137 -46.832086 -13.830949 11.488901 -21.737263
33.026137 -46.804324 -13.778186 11.513901 -21.734500
33.051137 -46.851949 -13.800811 11.538901 -21.807125
33.076137 -46.956968 -13.880831 11.563901 -21.937145
33.101137 -46.955185 -13.854048 11.588901 -21.960362
33.126137 -46.981957 -13.855820 11.613901 -22.012134
33.151137 -46.967984 -13.816847 11.638901 -22.023161
33.176137 -47.040194 -13.864057 11.663901 -22.120371
33.201137 -46.996626 -13.795489 11.688901 -22.101803
33.226137 -47.103667 -13.877530 11.713901 -22.233844
33.251137 -47.063114 -13.811977 11.738901 -22.218291
33.276137 -47.110169 -13.834032 11.763901 -22.290346
33.301137 -47.119145 -13.818008 11.788901 -22.324322
33.326137 -47.117943 -13.791806 11.813901 -22.348120
33.351137 -47.262705 -13.911568 11.838901 -22.517882
33.376137 -47.214010 -13.837872 11.863901 -22.494187
33.401137 -47.217693 -13.816556 11.888901 -22.522870
33.426137 -47.260063 -13.833926 11.913901 -22.590240
33.451137 -47.349788 -13.898651 11.938901 -22.704965
33.476137 -47.476590 -14.000453 11.963901 -22.856767
33.501137 -47.361045 -13.859907 11.988901 -22.766222
33.526137 -47.352064 -13.825927 12.013901 -22.782241
33.551137 -47.501435 -13.950298 12.038901 -22.956612
33.576137 -47.562505 -13.986368 12.063901 -23.042682
33.601137 -47.483069 -13.881931 12.088901 -22.988246
33.626137 -47.723405 -14.097268 12.113901 -23.253582
33.651137 -47.890480 -14.239343 12.138901 -23.445657
33.676137 -47.854400 -14.178263 12.163901 -23.434577
33.701137 -47.814440 -14.113303 12.188901 -23.419617
33.726137 -47.833018 -14.106881 12.213901 -23.463195
33.751137 -47.935655 -14.184518 12.238901 -23.590832
33.776137 -48.075239 -14.299102 12.263901 -23.755416
33.801137 -48.166455 -14.365317 12.288901 -23.871632
33.826137 -48.237777 -14.411640 12.313901 -23.967954
33.851137 -48.390617 -14.539480 12.338901 -24.145794
33.876137 -48.167389 -14.291251 12.363901 -23.947566
33.901137 -48.195191 -14.294053 12.388901 -24.000368
33.926137 -48.234082 -14.307944 12.413901 -24.064259
33.951137 -48.258001 -14.306864 12.438901 -24.113178
33.976137 -48.525079 -14.548942 12.463901 -24.405256
34.001137 -48.695057 -14.693919 12.488901 -24.600234
34.026137 -48.743726 -14.717589 12.513901 -24.673903
34.051137 -48.909877 -14.858740 12.538901 -24.865054
34.076137 -48.899296 -14.823159 12.563901 -24.879473
34.101137 -48.982237 -14.881099 12.588901 -24.987414
34.126137 -49.324734 -15.198597 12.613901 -25.354911
34.151137 -49.197183 -15.046045 12.638901 -25.252360
34.176137 -49.018283 -14.842145 12.663901 -25.098460
34.201137 -49.341279 -15.140142 12.688901 -25.446456
34.226137 -49.533908 -15.307771 12.713901 -25.664085
34.251137 -49.573431 -15.322293 12.738901 -25.728607
34.276137 -49.694904 -15.418767 12.763901 -25.875081
34.301137 -50.328079 -16.026942 12.788901 -26.533256
34.326137 -50.000282 -15.674145 12.813901 -26.230459
34.351137 -50.475176 -16.124039 12.838901 -26.730353
34.376137 -49.876679 -15.500542 12.863901 -26.156856
34.401137 -50.205566 -15.804428 12.888901 -26.510743
34.426137 -50.533371 -16.107234 12.913901 -26.863548
34.451137 -50.365455 -15.914318 12.938901 -26.720632
34.476137 -50.650508 -16.174371 12.963901 -27.030685
34.501137 -50.972879 -16.471741 12.988901 -27.378056
34.526137 -51.169603 -16.643466 13.013901 -27.599780
34.551137 -51.024326 -16.473189 13.038901 -27.479503
34.576137 -51.375737 -16.799600 13.063901 -27.855914
34.601137 -51.270717 -16.669580 13.088901 -27.775894
34.626137 -52.172115 -17.545978 13.113901 -28.702292
34.651137 -51.322226 -16.671089 13.138901 -27.877403
34.676137 -52.147091 -17.470954 13.163901 -28.727268
34.701137 -52.216096 -17.514958 13.188901 -28.821273
34.726137 -52.486360 -17.760223 13.213901 -29.116537
34.751137 -51.903031 -17.151894 13.238901 -28.558208
34.776137 -53.178445 -18.402307 13.263901 -29.858622
34.801137 -54.783167 -19.982030 13.288901 -31.488344
34.826137 -51.862536 -17.036398 13.313901 -28.592713
34.851137 -54.387692 -19.536555 13.338901 -31.142869
34.876137 -53.952496 -19.076358 13.363901 -30.732673
34.901137 -54.149979 -19.248842 13.388901 -30.955156
34.926137 -56.510663 -21.584526 13.413901 -33.340840
34.951137 -55.785743 -20.834606 13.438901 -32.640920
34.976137 -54.991979 -20.015842 13.463901 -31.872156
35.001137 -55.898936 -20.897798 13.488901 -32.804113
35.026137 -56.619422 -21.593285 13.513901 -33.549599
35.051137 -55.910414 -20.859276 13.538901 -32.865590
35.076137 -54.593299 -19.517162 13.563901 -31.573476
35.101137 -59.171199 -24.070062 13.588901 -36.176376
35.126137 -60.412483 -25.286345 13.613901 -37.442660
35.151137 -57.487135 -22.335998 13.638901 -34.542312
35.176137 -60.672659 -25.496522 13.663901 -37.752836
35.201137 -61.976333 -26.775196 13.688901 -39.081510
35.226137 -58.184805 -22.958668 13.713901 -35.314982
35.251137 -59.539231 -24.288093 13.738901 -36.694408
35.276137 -60.401959 -25.125822 13.763901 -37.582136
35.301137 -58.485966 -23.184829 13.788901 -35.691143
35.326137 -57.537311 -22.211173 13.813901 -34.767488
35.351137 -62.005214 -26.654077 13.838901 -39.260391
35.376137 -65.080075 -29.703937 13.863901 -42.360252
35.401137 -65.093585 -29.692447 13.888901 -42.398762
35.426137 -64.789237 -29.363099 13.913901 -42.119414
35.451137 -59.540772 -24.089634 13.938901 -36.895949
35.476137 -70.680779 -35.204642 13.963901 -48.060956
35.501137 -68.912485 -33.411348 13.988901 -46.317662
35.526137 -76.162423 -40.636285 14.013901 -53.592600
35.551137 -63.474084 -27.922947 14.038901 -40.929261
35.576137 -73.362748 -37.786611 14.063901 -50.842925
35.601137 -71.156999 -35.555862 14.088901 -48.662176
35.626137 -78.892006 -43.265868 14.113901 -56.422183
35.651137 -76.162909 -40.511771 14.138901 -53.718086
35.676137 -76.463939 -40.787801 14.163901 -54.044116
35.701137 -73.664122 -37.962984 14.188901 -51.269298
35.726137 -95.772292 -60.046155 14.213901 -73.402469
35.751137 -91.361072 -55.609934 14.238901 -69.016249
35.776137 -96.249410 -60.473273 14.263901 -73.929587
35.801137 -83.085492 -47.284354 14.288901 -60.790668
35.826137 -83.085599 -47.259462 14.313901 -60.815776
35.851137 -96.249413 -60.398276 14.338901 -74.004590
35.876137 -90.883960 -55.007823 14.363901 -68.664137
35.901137 -96.249411 -60.348274 14.388901 -74.054588
35.926137 -79.591087 -43.664950 14.413901 -57.421264
35.951137 -101.418267 -65.467129 14.438901 -79.273444
35.976137 -91.361083 -55.384946 14.463901 -69.241260
36.001137 -107.841249 -71.840111 14.488901 -85.746426
36.026137 -114.393619 -78.367482 14.513901 -92.323796
36.051137 -101.719297 -65.668160 14.538901 -79.674474
36.076137 -130.964693 -94.888556 14.563901 -108.944870
36.101137 -107.841249 -71.740112 14.588901 -85.846426
36.126137 -140.644447 -104.518310 14.613901 -118.674624
36.151137 -140.343417 -104.192280 14.638901 -118.398594
36.176137 -140.644447 -104.468310 14.663901 -118.724624
36.201137 -122.369422 -86.168285 14.688901 -100.474599
