241800000 0.00E+00
270816000 0.00E+00
304668000 0.00E+00
340938000 0.00E+00
382044000 0.00E+00
430404000 0.00E+00
483600000 0.00E+00
541632000 0.00E+00
606918000 0.00E+00
681876000 0.00E+00
764088000 0.00E+00
858390000 0.00E+00
962364000 0.00E+00
1080846000 0.00E+00
1211418000 0.00E+00
1358916000 0.00E+00
1525758000 0.00E+00
1711944000 0.00E+00
1919892000 0.00E+00
2154438000 1.39E-19
2418000000 2.39E-18
2708160000 1.00E-17
3046680000 2.73E-17
3409380000 6.08E-17
3.82044e+09 1.21E-16
4304040000 2.02E-16
4836000000 2.49E-16
5416320000 3.00E-16
6069180000 3.60E-16
6818760000 4.27E-16
7.64088e+09 5.03E-16
8.5839e+09 5.86E-16
9623640000 6.75E-16
10808460000 7.68E-16
12114180000 8.64E-16
13589160000 9.62E-16
15257580000 1.06E-15
17119440000 1.16E-15
19198920000 1.27E-15
21544380000 1.37E-15
24180000000 1.48E-15
27081600000 1.60E-15
30466800000 1.72E-15
3.40938e+10 1.85E-15
38204400000 1.99E-15
43040400000 2.13E-15
48360000000 2.29E-15
54163200000 2.45E-15
6.06918e+10 2.63E-15
6.81876e+10 2.82E-15
76408800000 3.02E-15
85839000000 3.24E-15
96236400000 3.47E-15
108084600000 3.72E-15
1.21142e+11 3.98E-15
135891600000 4.27E-15
152575800000 4.57E-15
171194400000 4.90E-15
191989200000 5.25E-15
215443800000 5.63E-15
241800000000 6.03E-15
2.70816e+11 6.46E-15
304668000000 6.92E-15
340938000000 7.41E-15
382044000000 7.94E-15
430404000000 8.51E-15
483600000000 9.11E-15
5.41632e+11 9.77E-15
606918000000 1.05E-14
681876000000 1.12E-14
764088000000 1.20E-14
858390000000 1.29E-14
962364000000 1.38E-14
1080846000000 1.48E-14
1211418000000 1.58E-14
1358916000000 1.69E-14
1525758000000 1.81E-14
1711944000000 1.94E-14
1.91989e+12 2.08E-14
2154438000000 2.23E-14
2418000000000 2.39E-14
2708160000000 2.56E-14
3046680000000 2.74E-14
3409380000000 2.94E-14
3.82044e+12 3.14E-14
4304040000000 3.37E-14
4836000000000 3.61E-14
5416320000000 3.86E-14
6069180000000 4.13E-14
6818760000000 4.43E-14
7.64088e+12 4.74E-14
8.5839e+12 5.07E-14
9623640000000 5.43E-14
10808460000000 5.81E-14
12114180000000 6.22E-14
13589160000000 6.66E-14
15257580000000 7.12E-14
17119440000000 7.62E-14
19198920000000 8.15E-14
21544380000000 8.72E-14
24180000000000 9.32E-14
27081600000000 9.97E-14
30466800000000 1.07E-13
3.40938e+13 1.14E-13
38204400000000 1.22E-13
43040400000000 1.30E-13
48360000000000 1.39E-13
54163200000000 1.48E-13
60691800000000 1.58E-13
6.81876e+13 1.69E-13
76408800000000 1.80E-13
85839000000000 1.92E-13
96236400000000 2.05E-13
108084600000000 2.19E-13
121141800000000 2.33E-13
1.35892e+14 2.48E-13
152575800000000 2.64E-13
171194400000000 2.81E-13
191989200000000 2.99E-13
215443800000000 3.17E-13
241800000000000 3.37E-13
2.70816e+14 3.58E-13
304668000000000 3.79E-13
340938000000000 4.02E-13
382044000000000 4.26E-13
430404000000000 4.51E-13
483600000000000 4.76E-13
5.41632e+14 5.03E-13
606918000000000 5.31E-13
681876000000000 5.60E-13
764088000000000 5.90E-13
858390000000000 6.20E-13
962364000000000 6.52E-13
1080846000000000 6.84E-13
1211418000000000 7.18E-13
1358916000000000 7.51E-13
1525758000000000 7.86E-13
1711944000000000 8.21E-13
1919892000000000 8.56E-13
2154438000000000 8.91E-13
2418000000000000 9.26E-13
2708160000000000 9.61E-13
3046680000000000 9.96E-13
3409380000000000 1.03E-12
3820440000000000 1.06E-12
4304040000000000 1.10E-12
4836000000000000 1.13E-12
5416320000000000 1.16E-12
6069180000000000 1.19E-12
6818760000000000 1.21E-12
7640880000000000 1.24E-12
8583900000000000 1.26E-12
9623640000000000 1.28E-12
10808460000000000 1.30E-12
12114180000000000 1.31E-12
13589160000000000 1.33E-12
15257580000000000 1.34E-12
17119440000000000 1.34E-12
19198920000000000 1.35E-12
21544380000000000 1.35E-12
24180000000000000 1.35E-12
27081600000000000 1.35E-12
30466800000000000 1.34E-12
34093800000000000 1.34E-12
38204400000000000 1.33E-12
43040400000000000 1.32E-12
48360000000000000 1.31E-12
54163200000000000 1.29E-12
60691800000000000 1.28E-12
68187600000000000 1.27E-12
76408800000000000 1.25E-12
85839000000000000 1.24E-12
96236400000000000 1.22E-12
108084600000000000 1.20E-12
121141800000000000 1.18E-12
135891600000000000 1.17E-12
152575800000000000 1.15E-12
171194400000000000 1.13E-12
191989200000000000 1.11E-12
215443800000000000 1.09E-12
241800000000000000 1.06E-12
270816000000000000 1.04E-12
304668000000000000 1.02E-12
340938000000000000 9.97E-13
382044000000000000 9.73E-13
430404000000000000 9.49E-13
483600000000000000 9.25E-13
541632000000000000 9.00E-13
606918000000000000 8.74E-13
681876000000000000 8.48E-13
764088000000000000 8.22E-13
858390000000000000 7.96E-13
962364000000000000 7.69E-13
1080846000000000000 7.42E-13
1211418000000000000 7.15E-13
1358916000000000000 6.88E-13
1525758000000000000 6.60E-13
1711944000000000000 6.33E-13
1919892000000000000 6.06E-13
2154438000000000000 5.79E-13
2418000000000000000 5.52E-13
2708160000000000000 5.25E-13
3046680000000000000 4.99E-13
3409380000000000000 4.72E-13
3820440000000000000 4.47E-13
4304040000000000000 4.21E-13
4836000000000000000 3.97E-13
5416320000000000000 3.73E-13
6069180000000000000 3.49E-13
6818760000000000000 3.26E-13
7640880000000000000 3.04E-13
8583900000000000000 2.83E-13
9623640000000000000 2.62E-13
10808460000000000000 2.42E-13
12114180000000000000 2.23E-13
13589160000000000000 2.05E-13
15257580000000000000 1.88E-13
17119440000000000000 1.72E-13
19198920000000000000 1.57E-13
21544380000000000000 1.42E-13
24180000000000000000 1.29E-13
27081600000000000000 1.16E-13
30466800000000000000 1.05E-13
34093800000000000000 9.38E-14
38204400000000000000 8.39E-14
43040400000000000000 7.48E-14
48360000000000000000 6.66E-14
54163200000000000000 5.91E-14
60691800000000000000 5.23E-14
68187600000000000000 4.63E-14
76408800000000000000 4.09E-14
85839000000000000000 3.62E-14
96236400000000000000 3.20E-14
108084600000000000000 2.84E-14
121141800000000000000 2.53E-14
135891600000000000000 2.27E-14
152575800000000000000 2.05E-14
171194400000000000000 1.86E-14
191989200000000000000 1.72E-14
215443800000000000000 1.60E-14
241800000000000000000 1.52E-14
270816000000000000000 1.46E-14
304668000000000000000 1.42E-14
340938000000000000000 1.41E-14
382044000000000000000 1.41E-14
430404000000000000000 1.43E-14
483600000000000000000 1.47E-14
541632000000000000000 1.52E-14
606918000000000065536 1.58E-14
681876000000000000000 1.65E-14
764088000000000000000 1.73E-14
858390000000000065536 1.83E-14
962364000000000000000 1.93E-14
1080846000000000065536 2.04E-14
1211417999999999934464 2.16E-14
1358915999999999868928 2.29E-14
1525758000000000065536 2.43E-14
1711944000000000000000 2.58E-14
1919891999999999868928 2.74E-14
2154438000000000065536 2.91E-14
2418000000000000000000 3.09E-14
2708160000000000000000 3.27E-14
3046680000000000262144 3.47E-14
3409379999999999868928 3.69E-14
3820440000000000262144 3.91E-14
4304039999999999737856 4.15E-14
4836000000000000000000 4.40E-14
5416320000000000000000 4.67E-14
6069179999999999606784 4.95E-14
6818759999999999737856 5.24E-14
7640880000000000524288 5.56E-14
8583899999999999606784 5.89E-14
9623640000000000262144 6.24E-14
10808459999999999082496 6.61E-14
12114180000000000393216 7.00E-14
13589159999999999737856 7.41E-14
15257580000000000131072 7.84E-14
17119439999999999475712 8.30E-14
19198919999999998689280 8.79E-14
21544379999999999606784 9.30E-14
24179999999999998951424 9.84E-14
27081600000000000000000 1.04E-13
30466799999999998427136 1.10E-13
34093800000000001835008 1.16E-13
38204399999999998427136 1.23E-13
43040399999999997378560 1.30E-13
48359999999999997902848 1.37E-13
54163200000000000000000 1.45E-13
60691799999999996067840 1.53E-13
68187600000000003670016 1.62E-13
76408799999999996854272 1.71E-13
85839000000000002359296 1.80E-13
96236399999999994232832 1.90E-13
108084600000000007602176 2.00E-13
121141799999999999737856 2.11E-13
135891600000000005767168 2.22E-13
152575799999999984533504 2.34E-13
171194399999999986368512 2.47E-13
191989200000000003670016 2.60E-13
215443799999999987679232 2.74E-13
241800000000000014680064 2.88E-13
270816000000000008388608 3.03E-13
304668000000000017825792 3.18E-13
340937999999999984795648 3.34E-13
382044000000000001048576 3.51E-13
430404000000000024117248 3.69E-13
483600000000000029360128 3.87E-13
541632000000000016777216 4.06E-13
606918000000000011010048 4.25E-13
681875999999999969591296 4.46E-13
764088000000000002097152 4.66E-13
858390000000000023592960 4.88E-13
962364000000000009437184 5.11E-13
1080846000000000008912896 5.34E-13
1211417999999999997378560 5.57E-13
1358915999999999889899520 5.81E-13
1525757999999999979552768 6.06E-13
1711943999999999997902848 6.32E-13
1919891999999999969591296 6.58E-13
2154437999999999943901184 6.84E-13
2417999999999999945474048 7.11E-13
2708160000000000218103808 7.38E-13
3046679999999999909822464 7.65E-13
3409379999999999847956480 7.93E-13
3820439999999999742050304 8.20E-13
4304039999999999838519296 8.48E-13
4835999999999999890948096 8.75E-13
5416320000000000436207616 9.02E-13
6069180000000000110100480 9.28E-13
6818759999999999695912960 9.54E-13
7640879999999999484100608 9.78E-13
8583899999999999967494144 1.00E-12
9623640000000000362807296 1.02E-12
10808459999999999015387136 1.05E-12
12114180000000000510656512 1.06E-12
13589159999999999972737024 1.08E-12
15257579999999999258656768 1.10E-12
17119440000000000515899392 1.11E-12
19198919999999999159042048 1.12E-12
21544380000000001049624576 1.12E-12
24180000000000001602224128 1.13E-12
27081600000000001107296256 1.13E-12
30466799999999999098224640 1.12E-12
34093799999999998479564800 1.12E-12
38204400000000000641728512 1.11E-12
43040399999999998385192960 1.09E-12
48360000000000003204448256 1.07E-12
54163200000000002214592512 1.05E-12
60691799999999996806037504 1.02E-12
68187599999999996959129600 9.86E-13
76408800000000001283457024 9.50E-13
85839000000000003969908736 9.11E-13
96236400000000003628072960 8.69E-13
108084599999999994448838656 8.25E-13
121141800000000000811597824 7.79E-13
135891600000000008317304832 7.32E-13
152575799999999992586567680 6.84E-13
171194399999999987979124736 6.37E-13
191989199999999987295453184 5.92E-13
215443800000000010496245760 5.47E-13
241800000000000016022241280 5.04E-13
270816000000000011072962560 4.63E-13
304667999999999999572180992 4.24E-13
340938000000000019155386368 3.87E-13
382044000000000032187088896 3.51E-13
430403999999999966672060416 3.18E-13
483600000000000032044482560 2.86E-13
541632000000000022145925120 2.56E-13
606918000000000002420113408 2.28E-13
681876000000000038310772736 2.02E-13
764088000000000064374177792 1.77E-13
858390000000000005339348992 1.55E-13
962363999999999933201514496 1.34E-13
1080845999999999978848124928 1.16E-13
1211417999999999939396501504 9.86E-14
1358915999999999945734094848 8.34E-14
1525758000000000063304630272 6.98E-14
1711943999999999879791247360 5.79E-14
1919892000000000010393485312 4.75E-14
2154438000000000036242980864 3.85E-14
2418000000000000022783459328 3.08E-14
2708160000000000179449102336 2.43E-14
3046679999999999995721809920 1.89E-14
3409379999999999916675956736 1.45E-14
3820440000000000046992982016 1.10E-14
4304039999999999941598511104 8.17E-15
4836000000000000045566918656 5.98E-15
5416320000000000358898204672 4.29E-15
6069180000000000436517994496 3.03E-15
6818759999999999833351913472 2.09E-15
7640880000000000093985964032 1.42E-15
8583900000000000328271396864 9.37E-16
9623639999999999881770958848 6.05E-16
10808460000000000063359156224 3.81E-16
12114180000000000218598735872 2.34E-16
13589160000000000556852576256 1.39E-16
15257579999999999533534674944 8.03E-17
17119439999999999347668287488 4.47E-17
19198920000000000653690667008 2.40E-17
21544380000000000362429808640 1.23E-17
24179999999999999128322965504 6.06E-18
27081599999999998495956140032 2.83E-18
30466800000000002156241354752 1.25E-18
34093799999999999166759567360 5.22E-19
38204400000000000469929820160 2.04E-19
43040400000000003814031622144 7.38E-20
48359999999999998256645931008 2.47E-20
54163199999999996991912280064 7.54E-21
60691800000000002166156689408 2.09E-21
68187599999999998333519134720 5.19E-22
76408800000000000939859640320 1.14E-22
85838999999999996685644201984 2.20E-23
96236399999999992220639821824 3.65E-24
108084600000000000633591562240 5.15E-25
121141799999999993389894336512 6.07E-26
135891599999999992374386229248 5.85E-27
152575800000000008529486282752 4.51E-28
171194400000000006670822408192 2.72E-29
191989199999999997740813647872 1.24E-30
215443800000000003624298086400 4.18E-32
241800000000000000079322677248 9.96E-34
270816000000000011347840466944 1.60E-35
304667999999999995174134480896 1.63E-37
340938000000000018055874740224 9.75E-40
382043999999999978311019134976 3.13E-42
430403999999999985363758088192 4.77E-45
483600000000000000158645354496 2.90E-48
541632000000000022695680933888 1.10E-51
606918000000000021661566894080 1.62E-55
681876000000000036111749480448 8.29E-60
764087999999999956622038269952 1.31E-64
858390000000000002040814108672 5.46E-70
962364000000000062943886573568 5.14E-76
1.08084599999999993596717144474e+30 9.07E-83
1.21141799999999993389894336512e+30 2.46E-90
1.35891600000000013485009482547e+30 8.13E-99
1.52575800000000008529486282752e+30 2.54E-108
1.71194400000000006670822408192e+30 5.61E-119
1.91989199999999990703939230106e+30 6.35E-131
2.15443800000000010661172504166e+30 2.56E-144
2.41799999999999993042448259482e+30 2.46E-159
2.70815999999999983200342795878e+30 3.55E-176
3.04667999999999995174134480896e+30 4.61E-195
3.40938000000000003982125904691e+30 3.05E-216
3.82044000000000006458516806042e+30 5.36E-240
4.30403999999999999437506923725e+30 1.22E-266
4.83599999999999986084896518963e+30 0.00E+00
5.41631999999999966400685591757e+30 0.00E+00
6.06917999999999993514069223014e+30 0.00E+00
6.81876000000000007964251809382e+30 0.00E+00
7.64088000000000012917033612083e+30 0.00E+00
8.58390000000000002040814108672e+30 0.00E+00
9.62363999999999978501393560371e+30 0.00E+00
1.080846000000000048557162129e+31 0.00E+00
1.21141800000000010278392939151e+31 0.00E+00
1.35891600000000002226010414121e+31 0.00E+00
1.52575799999999991640987680113e+31 0.00E+00
1.71194400000000001041322873979e+31 0.00E+00
1.91989199999999996333438764319e+31 0.00E+00
2.1544379999999999940217343574e+31 0.00E+00
2.41799999999999998671947793695e+31 0.00E+00
2.70816000000000005718340932731e+31 0.00E+00
3.04668000000000006433133549322e+31 0.00E+00
3.40937999999999981464127767839e+31 0.00E+00
3.82043999999999995199517737615e+31 0.00E+00
4.30404000000000021955505060577e+31 0.00E+00
4.83599999999999997343895587389e+31 0.00E+00
5.41632000000000011436681865462e+31 0.00E+00
6.06918000000000038550065496719e+31 0.00E+00
6.81875999999999962928255535677e+31 0.00E+00
7.64087999999999990399035475231e+31 0.00E+00
8.58390000000000069594808519229e+31 0.00E+00
9.62364000000000046055387970929e+31 0.00E+00
1.080846000000000048557162129e+32 0.00E+00
1.21141799999999992263994429669e+32 0.00E+00
1.3589159999999999772241078675e+32 0.00E+00
1.52575800000000000648186934854e+32 0.00E+00
1.71194399999999983026924364497e+32 0.00E+00
1.91989200000000014347837273801e+32 0.00E+00
2.15443800000000017416571945222e+32 0.00E+00
2.41799999999999989664748538954e+32 0.00E+00
2.70816000000000005718340932731e+32 0.00E+00
3.04668000000000006433133549322e+32 0.00E+00
3.40937999999999981464127767839e+32 0.00E+00
3.82043999999999977185119228133e+32 0.00E+00
4.30403999999999967912309532131e+32 0.00E+00
4.83599999999999979329497077907e+32 0.00E+00
5.41632000000000011436681865462e+32 0.00E+00
6.06917999999999966492471458791e+32 0.00E+00
6.81875999999999962928255535677e+32 0.00E+00
7.64087999999999954370238456267e+32 0.00E+00
8.58390000000000033566011500265e+32 0.00E+00
9.62364000000000010026590951965e+32 0.00E+00
1.08084599999999997649956809107e+33 0.00E+00
1.21141800000000003072633535359e+33 0.00E+00
1.35891600000000012133929594336e+33 0.00E+00
1.52575799999999986236668127268e+33 0.00E+00
1.71194399999999997438443172082e+33 0.00E+00
1.91989199999999992730559062422e+33 0.00E+00
2.15443800000000010210812541429e+33 0.00E+00
2.41799999999999996870507942747e+33 0.00E+00
2.70816000000000005718340932731e+33 0.00E+00
3.04668000000000020844652356908e+33 0.00E+00
3.40938000000000024698684190595e+33 0.00E+00
3.82044000000000006008156843305e+33 0.00E+00
4.30404000000000011146865954888e+33 0.00E+00
4.83599999999999993741015885493e+33 0.00E+00
5.41632000000000011436681865462e+33 0.00E+00
6.06917999999999995315509073963e+33 0.00E+00
6.81876000000000049397368381191e+33 0.00E+00
7.64088000000000012016313686609e+33 0.00E+00
8.58389999999999975919936269923e+33 0.00E+00
9.62364000000000010026590951965e+33 0.00E+00
1.08084599999999997649956809107e+34 0.00E+00
1.21141799999999994425722250807e+34 0.00E+00
1.35891600000000000604714548268e+34 0.00E+00
1.52575799999999997765883173337e+34 0.00E+00
1.71194400000000008967658218151e+34 0.00E+00
1.91989199999999992730559062422e+34 0.00E+00
2.15443799999999981387774926258e+34 0.00E+00
2.41799999999999979576685373644e+34 0.00E+00
2.70815999999999982659910840594e+34 0.00E+00
3.04667999999999986257007218702e+34 0.00E+00
3.4093799999999999011103905239e+34 0.00E+00
3.82043999999999994478941797236e+34 0.00E+00
4.30404000000000045734511093093e+34 0.00E+00
4.83599999999999959153370747288e+34 0.00E+00
5.41631999999999965319821681188e+34 0.00E+00
6.069180000000000183739391661e+34 0.00E+00
6.8187599999999998022207810478e+34 0.00E+00
7.64087999999999988957883594472e+34 0.00E+00
8.58390000000000045095226546334e+34 0.00E+00
9.62364000000000010026590951965e+34 0.00E+00
1.08084600000000006873328845962e+35 0.00E+00
1.21141799999999999037408269235e+35 0.00E+00
1.35891600000000005216400566695e+35 0.00E+00
1.52575799999999993154197154909e+35 0.00E+00
1.71194399999999999744286181296e+35 0.00E+00
1.91989199999999992730559062422e+35 0.00E+00
2.15443799999999999834518999968e+35 0.00E+00
2.41799999999999988800057410499e+35 0.00E+00