1906577660	3.39326E-20
2270422594	6.81842E-20
2703702484	1.36909E-19
3219668807	2.74788E-19
3834099684	5.49993E-19
4565786504	1.08764E-18
5437106001	2.05297E-18
6474705210	3.56351E-18
7710316398	5.68409E-18
9181729627	8.35018E-18
10933947896	1.15575E-17
13020540118	1.53559E-17
15505329509	1.98402E-17
18464306472	2.51221E-17
21988013756	3.13635E-17
26184121046	3.8744E-17
31180997182	4.74706E-17
37131457784	5.77435E-17
44217481216	6.97655E-17
52655895129	8.37055E-17
62704541990	9.98208E-17
74670833656	1.18355E-16
88920726026	1.39553E-16
1.0589E+11	1.63599E-16
1.26098E+11	1.90849E-16
1.50162E+11	2.21675E-16
1.78818E+11	2.56563E-16
2.12943E+11	2.96046E-16
2.53581E+11	3.40992E-16
3.01974E+11	3.92436E-16
3.59601E+11	4.51424E-16
4.28226E+11	5.19112E-16
5.09947E+11	5.96848E-16
6.07265E+11	6.86196E-16
7.23153E+11	7.88951E-16
8.61156E+11	9.07133E-16
1.0255E+12	1.04279E-15
1.2212E+12	1.19824E-15
1.45425E+12	1.37678E-15
1.73177E+12	1.58237E-15
2.06226E+12	1.81884E-15
2.45581E+12	2.09046E-15
2.92448E+12	2.40243E-15
3.48257E+12	2.76081E-15
4.14717E+12	3.17269E-15
4.9386E+12	3.64604E-15
5.88108E+12	4.18879E-15
7.0034E+12	4.80993E-15
8.3399E+12	5.52261E-15
9.93146E+12	6.34239E-15
1.18267E+13	7.28424E-15
1.40837E+13	8.36442E-15
1.67714E+13	9.60313E-15
1.9972E+13	1.10237E-14
2.37834E+13	1.26534E-14
2.83221E+13	1.45225E-14
3.37271E+13	1.66605E-14
4.01634E+13	1.91008E-14
4.78281E+13	2.18935E-14
5.69554E+13	2.50978E-14
6.78247E+13	2.87674E-14
8.07681E+13	3.2961E-14
9.61816E+13	3.77543E-14
1.14537E+14	4.32323E-14
1.36394E+14	4.94784E-14
1.62424E+14	5.65842E-14
1.9342E+14	6.46809E-14
2.30331E+14	7.39186E-14
2.74287E+14	8.44411E-14
3.26631E+14	9.64004E-14
3.88965E+14	1.09983E-13
4.63193E+14	1.25393E-13
5.51587E+14	1.42868E-13
6.5685E+14	1.62654E-13
7.82202E+14	1.84996E-13
9.31475E+14	2.10155E-13
1.10923E+15	2.38506E-13
1.32092E+15	2.70456E-13
1.57299E+15	3.06375E-13
1.87318E+15	3.4662E-13
2.23065E+15	3.9164E-13
2.65634E+15	4.41884E-13
3.16327E+15	4.97857E-13
3.16327E+15	4.97857E-13
3.76694E+15	5.60023E-13
4.48581E+15	6.28846E-13
5.34187E+15	7.04726E-13
6.36129E+15	7.88285E-13
7.57525E+15	8.80051E-13
9.0209E+15	9.80476E-13
1.07424E+16	1.08979E-12
1.27925E+16	1.20841E-12
1.52337E+16	1.33648E-12
1.81409E+16	1.47428E-12
2.16028E+16	1.62164E-12
2.57255E+16	1.77852E-12
3.06348E+16	1.94437E-12
3.6481E+16	2.11906E-12
4.3443E+16	2.30182E-12
5.17335E+16	2.49201E-12
6.16061E+16	2.68819E-12
7.33628E+16	2.88952E-12
8.73631E+16	3.09425E-12
1.04035E+17	3.30119E-12
1.23889E+17	3.50818E-12
1.47532E+17	3.71407E-12
1.75686E+17	3.91667E-12
2.09214E+17	4.11475E-12
2.49139E+17	4.30595E-12
2.96684E+17	4.48932E-12
3.53302E+17	4.6628E-12
4.20725E+17	4.8258E-12
5.01015E+17	4.97663E-12
5.96627E+17	5.11505E-12
7.10485E+17	5.23983E-12
8.46071E+17	5.35135E-12
1.00753E+18	5.44896E-12
1.19981E+18	5.53328E-12
1.42878E+18	5.60393E-12
1.70144E+18	5.66179E-12
2.02613E+18	5.70688E-12
2.4128E+18	5.74017E-12
2.87325E+18	5.76177E-12
3.42157E+18	5.77255E-12
4.07453E+18	5.7725E-12
4.85209E+18	5.76228E-12
5.77806E+18	5.74168E-12
6.88072E+18	5.71096E-12
8.19381E+18	5.66953E-12
9.75749E+18	5.61718E-12
1.16196E+19	5.55279E-12
1.3837E+19	5.47558E-12
1.64776E+19	5.38369E-12
1.96222E+19	5.27577E-12
2.33668E+19	5.14919E-12
2.78261E+19	5.00206E-12
3.31363E+19	4.83108E-12
3.94599E+19	4.63426E-12
4.69903E+19	4.40811E-12
5.59578E+19	4.15145E-12
6.66366E+19	3.86186E-12
7.93533E+19	3.54071E-12
9.44968E+19	3.18865E-12
1.1253E+20	2.81195E-12
1.34005E+20	2.41669E-12
1.59578E+20	2.01564E-12
1.90032E+20	1.62083E-12
2.26297E+20	1.24958E-12
2.69482E+20	9.15571E-13
3.2091E+20	6.33015E-13
3.82151E+20	4.08286E-13
4.55079E+20	2.43436E-13
5.41925E+20	1.322E-13
6.45345E+20	6.46724E-14
7.685E+20	2.81539E-14
9.15158E+20	1.1142E-14
1.0898E+21	4.57527E-15
1.29778E+21	2.69108E-15
1.54544E+21	2.47036E-15
1.84037E+21	2.7193E-15
2.19158E+21	3.09292E-15
2.60981E+21	3.52813E-15
3.10786E+21	4.02287E-15
3.70096E+21	4.58419E-15
4.40723E+21	5.22037E-15
5.24829E+21	5.94047E-15
5.24829E+21	5.94047E-15
6.24986E+21	6.75475E-15
7.44257E+21	7.67642E-15
8.86288E+21	8.72001E-15
1.05542E+22	9.90018E-15
1.25684E+22	1.12331E-14
1.49669E+22	1.27375E-14
1.78231E+22	1.44347E-14
2.12244E+22	1.635E-14
2.52748E+22	1.85104E-14
3.00982E+22	2.09446E-14
3.58421E+22	2.36844E-14
4.2682E+22	2.67666E-14
5.08273E+22	3.02317E-14
6.0527E+22	3.41249E-14
7.20777E+22	3.84962E-14
8.58329E+22	4.34022E-14
1.02213E+23	4.89071E-14
1.21719E+23	5.50843E-14
1.44947E+23	6.20075E-14
1.72609E+23	6.97469E-14
2.05549E+23	7.83865E-14
2.44775E+23	8.80205E-14
2.91487E+23	9.87709E-14
3.47113E+23	1.10782E-13
4.13356E+23	1.24177E-13
4.92239E+23	1.39051E-13
5.86176E+23	1.5553E-13
6.9804E+23	1.73755E-13
8.31251E+23	1.93941E-13
9.89886E+23	2.16343E-13
1.17879E+24	2.41135E-13
1.40375E+24	2.68421E-13
1.67163E+24	2.98325E-13
1.99065E+24	3.30941E-13
2.37053E+24	3.66554E-13
2.82292E+24	4.05471E-13
3.36163E+24	4.47895E-13
4.00315E+24	4.93898E-13
4.76711E+24	5.43464E-13
5.67684E+24	5.9645E-13
6.76019E+24	6.53028E-13
8.05028E+24	7.13367E-13
9.58659E+24	7.77942E-13
1.14161E+25	8.46822E-13
1.35946E+25	9.18758E-13
1.6189E+25	9.92241E-13
1.92784E+25	1.06707E-12
2.29575E+25	1.14299E-12
2.73386E+25	1.22009E-12
3.25558E+25	1.29745E-12
3.87687E+25	1.37233E-12
4.61671E+25	1.44199E-12
5.49776E+25	1.50509E-12
6.54693E+25	1.5611E-12
7.79633E+25	1.61155E-12
9.28415E+25	1.65492E-12
1.10559E+26	1.68531E-12
1.31658E+26	1.69943E-12
1.56783E+26	1.69764E-12
1.86703E+26	1.67786E-12
2.22333E+26	1.63553E-12
2.64762E+26	1.57244E-12
3.15288E+26	1.49517E-12
3.75457E+26	1.40624E-12
4.47108E+26	1.30533E-12
5.32433E+26	1.1983E-12
6.34041E+26	1.09287E-12
7.55038E+26	9.9062E-13
8.99127E+26	8.90129E-13
1.07071E+27	7.91334E-13
1.27505E+27	6.94626E-13
1.51837E+27	6.04342E-13
1.80813E+27	5.23816E-13
2.15319E+27	4.50261E-13
2.56409E+27	3.80253E-13
3.05342E+27	3.14138E-13
3.63613E+27	2.52844E-13
4.33003E+27	1.98716E-13
5.15636E+27	1.51924E-13
6.14039E+27	1.09192E-13
7.3122E+27	7.07845E-14
8.70763E+27	4.17061E-14