1424501464	8.83348E-21
1661322703	1.63679E-20
1937515118	3.02734E-20
2259623590	5.58794E-20
2635282633	1.03057E-19
3073394431	1.90139E-19
3584341660	3.51264E-19
4180232140	6.47508E-19
4875189483	1.16979E-18
5685682446	2.02834E-18
6630918652	3.31328E-18
7733297183	5.02862E-18
9018946277	7.17522E-18
10518335034	9.72333E-18
12266989683	1.26957E-17
14306355083	1.6126E-17
16684761384	2.00793E-17
19458573538	2.46302E-17
22693527071	2.99002E-17
26466285923	3.60165E-17
30866259281	4.31027E-17
35997803337	5.1276E-17
41982374655	6.06584E-17
48961870399	7.13748E-17
57101695002	8.35871E-17
66594751089	9.74424E-17
77666011009	1.13067E-16
90577848364	1.30593E-16
1.05636E+11	1.50208E-16
1.23198E+11	1.72091E-16
1.4368E+11	1.96421E-16
1.67566E+11	2.23482E-16
1.95424E+11	2.53752E-16
2.27912E+11	2.87713E-16
2.65802E+11	3.25851E-16
3.09992E+11	3.68767E-16
3.61528E+11	4.17219E-16
4.21631E+11	4.71918E-16
4.91727E+11	5.33508E-16
5.73476E+11	6.02959E-16
6.68815E+11	6.8163E-16
7.80004E+11	7.70808E-16
9.09679E+11	8.71714E-16
1.06091E+12	9.85676E-16
1.23729E+12	1.11412E-15
1.44298E+12	1.2591E-15
1.68288E+12	1.4233E-15
1.96265E+12	1.60917E-15
2.28894E+12	1.81921E-15
2.66948E+12	2.05664E-15
3.11327E+12	2.32528E-15
3.63085E+12	2.62857E-15
4.23447E+12	2.96997E-15
4.93844E+12	3.35518E-15
5.75945E+12	3.79146E-15
6.71695E+12	4.28533E-15
7.83363E+12	4.84342E-15
9.13596E+12	5.47282E-15
1.06548E+13	6.18149E-15
1.24261E+13	6.98123E-15
1.4492E+13	7.88599E-15
1.69013E+13	8.90834E-15
1.97111E+13	1.00618E-14
2.2988E+13	1.13641E-14
2.68097E+13	1.28348E-14
3.12668E+13	1.4491E-14
3.64648E+13	1.63519E-14
4.2527E+13	1.84496E-14
4.95971E+13	2.08205E-14
5.78425E+13	2.34967E-14
6.74587E+13	2.65117E-14
7.86736E+13	2.99011E-14
9.17529E+13	3.37074E-14
1.07007E+14	3.79923E-14
1.24797E+14	4.28227E-14
1.45544E+14	4.8258E-14
1.6974E+14	5.43661E-14
1.97959E+14	6.12341E-14
2.3087E+14	6.89508E-14
2.69251E+14	7.75925E-14
3.14014E+14	8.72584E-14
3.66218E+14	9.81025E-14
4.27101E+14	1.10281E-13
4.98106E+14	1.2393E-13
5.80916E+14	1.39194E-13
6.77492E+14	1.56223E-13
7.90124E+14	1.75209E-13
9.21482E+14	1.96412E-13
1.07468E+15	2.20086E-13
1.25334E+15	2.46454E-13
1.46171E+15	2.75783E-13
1.70471E+15	3.0839E-13
1.98812E+15	3.44575E-13
1.98812E+15	3.44575E-13
2.31864E+15	3.84592E-13
2.70411E+15	4.28814E-13
3.15366E+15	4.77739E-13
3.67795E+15	5.31808E-13
4.2894E+15	5.91359E-13
5.00251E+15	6.56832E-13
5.83417E+15	7.28714E-13
6.8041E+15	8.07436E-13
7.93528E+15	8.93305E-13
9.2545E+15	9.86877E-13
1.0793E+16	1.08879E-12
1.25874E+16	1.19956E-12
1.468E+16	1.31946E-12
1.71205E+16	1.44885E-12
1.99668E+16	1.58791E-12
2.32862E+16	1.73714E-12
2.71575E+16	1.89685E-12
3.16724E+16	2.06728E-12
3.69379E+16	2.24823E-12
4.30787E+16	2.43985E-12
5.02406E+16	2.64182E-12
5.8593E+16	2.85399E-12
6.8334E+16	3.07552E-12
7.96944E+16	3.3063E-12
9.29435E+16	3.54555E-12
1.08395E+17	3.79273E-12
1.26416E+17	4.04634E-12
1.47432E+17	4.30555E-12
1.71942E+17	4.56864E-12
2.00528E+17	4.83491E-12
2.33865E+17	5.10258E-12
2.72744E+17	5.3706E-12
3.18088E+17	5.63682E-12
3.7097E+17	5.90018E-12
4.32643E+17	6.15856E-12
5.0457E+17	6.41102E-12
5.88453E+17	6.65557E-12
6.86283E+17	6.89139E-12
8.00376E+17	7.11674E-12
9.33437E+17	7.33081E-12
1.08862E+18	7.53199E-12
1.2696E+18	7.71966E-12
1.48067E+18	7.89238E-12
1.72683E+18	8.04954E-12
2.01391E+18	8.18979E-12
2.34872E+18	8.31247E-12
2.7392E+18	8.41622E-12
3.19458E+18	8.50004E-12
3.72568E+18	8.56241E-12
4.34506E+18	8.60189E-12
5.06742E+18	8.61654E-12
5.90987E+18	8.60429E-12
6.89238E+18	8.56269E-12
8.03822E+18	8.48885E-12
9.37456E+18	8.37985E-12
1.09331E+19	8.23197E-12
1.27507E+19	8.04213E-12
1.48704E+19	7.80613E-12
1.73426E+19	7.52142E-12
2.02259E+19	7.18428E-12
2.35884E+19	6.79419E-12
2.75099E+19	6.34946E-12
3.20834E+19	5.85387E-12
3.74172E+19	5.31014E-12
4.36377E+19	4.72877E-12
5.08924E+19	4.11904E-12
5.93532E+19	3.4993E-12
6.92205E+19	2.88528E-12
8.07283E+19	2.30044E-12
9.41493E+19	1.76224E-12
1.09801E+20	1.2911E-12
1.28056E+20	8.97183E-13
1.49345E+20	5.87944E-13
1.74173E+20	3.59421E-13
2.0313E+20	2.03399E-13
2.36899E+20	1.05018E-13
2.76284E+20	4.90108E-14
3.22215E+20	2.04469E-14
3.75783E+20	7.84417E-15
4.38256E+20	3.16966E-15
5.11115E+20	1.84985E-15
5.96087E+20	1.67303E-15
6.95186E+20	1.8152E-15
8.10759E+20	2.0405E-15
9.45547E+20	2.30259E-15
1.10274E+21	2.59781E-15
1.28607E+21	2.92955E-15
1.49988E+21	3.30215E-15
1.74923E+21	3.7203E-15
2.04004E+21	4.18915E-15
2.37919E+21	4.7147E-15
2.77473E+21	5.30343E-15
2.77473E+21	5.30343E-15
3.23603E+21	5.96262E-15
3.77401E+21	6.70011E-15
4.40143E+21	7.52536E-15
5.13316E+21	8.44855E-15
5.98654E+21	9.4803E-15
6.98179E+21	1.06315E-14
8.14252E+21	1.1916E-14
9.4962E+21	1.33498E-14
1.10749E+22	1.49499E-14
1.29161E+22	1.6734E-14
1.50634E+22	1.87218E-14
1.75677E+22	2.09343E-14
2.04883E+22	2.33961E-14
2.38944E+22	2.61374E-14
2.78668E+22	2.91888E-14
3.24996E+22	3.25786E-14
3.79026E+22	3.63388E-14
4.42038E+22	4.0515E-14
5.15527E+22	4.51554E-14
6.01232E+22	5.03037E-14
7.01187E+22	5.60037E-14
8.17758E+22	6.23151E-14
9.53709E+22	6.93028E-14
1.11226E+23	7.70392E-14
1.29717E+23	8.55998E-14
1.51283E+23	9.50642E-14
1.76433E+23	1.05512E-13
2.05765E+23	1.17042E-13
2.39973E+23	1.2977E-13
2.79868E+23	1.43808E-13
3.26395E+23	1.5926E-13
3.80658E+23	1.76247E-13
4.43942E+23	1.94927E-13
5.17747E+23	2.15458E-13
6.03822E+23	2.37991E-13
7.04206E+23	2.6267E-13
8.2128E+23	2.89656E-13
9.57816E+23	3.19107E-13
1.11705E+24	3.51257E-13
1.30276E+24	3.86336E-13
1.51934E+24	4.2454E-13
1.77193E+24	4.66012E-13
2.06651E+24	5.10947E-13
2.41006E+24	5.59518E-13
2.81073E+24	6.11943E-13
3.27801E+24	6.68416E-13
3.82298E+24	7.29098E-13
4.45854E+24	7.94058E-13
5.19977E+24	8.63374E-13
6.06422E+24	9.37169E-13
7.07239E+24	1.01546E-12
8.24816E+24	1.09823E-12
9.6194E+24	1.18526E-12
1.12186E+25	1.27639E-12
1.30837E+25	1.37115E-12
1.52588E+25	1.46923E-12
1.77956E+25	1.56986E-12
2.07541E+25	1.67254E-12
2.42044E+25	1.77623E-12
2.82284E+25	1.8801E-12
3.29213E+25	1.98265E-12
3.83944E+25	2.08283E-12
4.47774E+25	2.17907E-12
5.22216E+25	2.27005E-12
6.09033E+25	2.35402E-12
7.10284E+25	2.42922E-12
8.28367E+25	2.4936E-12
9.66082E+25	2.54453E-12
1.12669E+26	2.57896E-12
1.314E+26	2.59444E-12
1.53245E+26	2.5918E-12
1.78722E+26	2.56934E-12
2.08435E+26	2.52247E-12
2.43087E+26	2.4478E-12
2.83499E+26	2.35522E-12
3.30631E+26	2.25238E-12
3.85597E+26	2.13907E-12
4.49702E+26	2.01246E-12
5.24464E+26	1.87509E-12
6.11656E+26	1.72945E-12
7.13342E+26	1.57845E-12
8.31934E+26	1.42402E-12
9.70242E+26	1.2704E-12
1.13154E+27	1.12196E-12
1.31966E+27	9.79273E-13
1.53905E+27	8.40717E-13
1.79492E+27	7.08318E-13
2.09332E+27	5.87223E-13
2.44133E+27	4.72075E-13
2.8472E+27	3.49704E-13
3.32054E+27	2.28694E-13
3.87258E+27	1.34029E-13